   0.0000000e+00   0.0000000e+00   0.0000000e+00
   1.0010010e-03   6.6691371e-02   6.6758129e-05
   2.0020020e-03   8.4025862e-02   2.1762623e-04
   3.0030030e-03   9.6185601e-02   3.9801808e-04
   4.0040040e-03   1.0586595e-01   6.0027189e-04
   5.0050050e-03   1.1404064e-01   8.2039861e-04
   6.0060060e-03   1.2118626e-01   1.0558610e-03
   7.0070070e-03   1.2757600e-01   1.3048723e-03
   8.0080080e-03   1.3338274e-01   1.5660922e-03
   9.0090090e-03   1.3872364e-01   1.8384710e-03
   1.0010010e-02   1.4368220e-01   2.1211595e-03
   1.1011011e-02   1.4832028e-01   2.4134543e-03
   1.2012012e-02   1.5268512e-01   2.7147610e-03
   1.3013013e-02   1.5681373e-01   3.0245697e-03
   1.4014014e-02   1.6073569e-01   3.3424370e-03
   1.5015015e-02   1.6447506e-01   3.6679732e-03
   1.6016016e-02   1.6805172e-01   4.0008329e-03
   1.7017017e-02   1.7148229e-01   4.3407068e-03
   1.8018018e-02   1.7478084e-01   4.6873165e-03
   1.9019019e-02   1.7795936e-01   5.0404098e-03
   2.0020020e-02   1.8102823e-01   5.3997568e-03
   2.1021021e-02   1.8399644e-01   5.7651468e-03
   2.2022022e-02   1.8687184e-01   6.1363863e-03
   2.3023023e-02   1.8966139e-01   6.5132965e-03
   2.4024024e-02   1.9237120e-01   6.8957115e-03
   2.5025025e-02   1.9500675e-01   7.2834772e-03
   2.6026026e-02   1.9757292e-01   7.6764498e-03
   2.7027027e-02   2.0007411e-01   8.0744949e-03
   2.8028028e-02   2.0251428e-01   8.4774863e-03
   2.9029029e-02   2.0489702e-01   8.8853054e-03
   3.0030030e-02   2.0722559e-01   9.2978406e-03
   3.1031031e-02   2.0950298e-01   9.7149863e-03
   3.2032032e-02   2.1173190e-01   1.0136643e-02
   3.3033033e-02   2.1391486e-01   1.0562716e-02
   3.4034034e-02   2.1605415e-01   1.0993115e-02
   3.5035035e-02   2.1815190e-01   1.1427756e-02
   3.6036036e-02   2.2021005e-01   1.1866557e-02
   3.7037037e-02   2.2223044e-01   1.2309440e-02
   3.8038038e-02   2.2421475e-01   1.2756332e-02
   3.9039039e-02   2.2616454e-01   1.3207162e-02
   4.0040040e-02   2.2808128e-01   1.3661863e-02
   4.1041041e-02   2.2996633e-01   1.4120369e-02
   4.2042042e-02   2.3182098e-01   1.4582618e-02
   4.3043043e-02   2.3364642e-01   1.5048552e-02
   4.4044044e-02   2.3544377e-01   1.5518111e-02
   4.5045045e-02   2.3721409e-01   1.5991242e-02
   4.6046046e-02   2.3895837e-01   1.6467892e-02
   4.7047047e-02   2.4067756e-01   1.6948008e-02
   4.8048048e-02   2.4237253e-01   1.7431541e-02
   4.9049049e-02   2.4404411e-01   1.7918445e-02
   5.0050050e-02   2.4569311e-01   1.8408672e-02
   5.1051051e-02   2.4732026e-01   1.8902179e-02
   5.2052052e-02   2.4892629e-01   1.9398922e-02
   5.3053053e-02   2.5051185e-01   1.9898860e-02
   5.4054054e-02   2.5207759e-01   2.0401953e-02
   5.5055055e-02   2.5362411e-01   2.0908161e-02
   5.6056056e-02   2.5515201e-01   2.1417446e-02
   5.7057057e-02   2.5666182e-01   2.1929772e-02
   5.8058058e-02   2.5815407e-01   2.2445104e-02
   5.9059059e-02   2.5962927e-01   2.2963405e-02
   6.0060060e-02   2.6108789e-01   2.3484644e-02
   6.1061061e-02   2.6253039e-01   2.4008786e-02
   6.2062062e-02   2.6395722e-01   2.4535801e-02
   6.3063063e-02   2.6536878e-01   2.5065657e-02
   6.4064064e-02   2.6676548e-01   2.5598323e-02
   6.5065065e-02   2.6814771e-01   2.6133772e-02
   6.6066066e-02   2.6951584e-01   2.6671974e-02
   6.7067067e-02   2.7087021e-01   2.7212901e-02
   6.8068068e-02   2.7221117e-01   2.7756526e-02
   6.9069069e-02   2.7353905e-01   2.8302822e-02
   7.0070070e-02   2.7485417e-01   2.8851765e-02
   7.1071071e-02   2.7615681e-01   2.9403327e-02
   7.2072072e-02   2.7744728e-01   2.9957485e-02
   7.3073073e-02   2.7872586e-01   3.0514215e-02
   7.4074074e-02   2.7999281e-01   3.1073493e-02
   7.5075075e-02   2.8124840e-01   3.1635296e-02
   7.6076076e-02   2.8249288e-01   3.2199602e-02
   7.7077077e-02   2.8372649e-01   3.2766388e-02
   7.8078078e-02   2.8494946e-01   3.3335633e-02
   7.9079079e-02   2.8616203e-01   3.3907316e-02
   8.0080080e-02   2.8736441e-01   3.4481417e-02
   8.1081081e-02   2.8855680e-01   3.5057915e-02
   8.2082082e-02   2.8973943e-01   3.5636790e-02
   8.3083083e-02   2.9091247e-01   3.6218023e-02
   8.4084084e-02   2.9207613e-01   3.6801595e-02
   8.5085085e-02   2.9323060e-01   3.7387488e-02
   8.6086086e-02   2.9437604e-01   3.7975682e-02
   8.7087087e-02   2.9551264e-01   3.8566162e-02
   8.8088088e-02   2.9664056e-01   3.9158908e-02
   8.9089089e-02   2.9775997e-01   3.9753903e-02
   9.0090090e-02   2.9887103e-01   4.0351131e-02
   9.1091091e-02   2.9997388e-01   4.0950576e-02
   9.2092092e-02   3.0106869e-01   4.1552220e-02
   9.3093093e-02   3.0215559e-01   4.2156048e-02
   9.4094094e-02   3.0323472e-01   4.2762044e-02
   9.5095095e-02   3.0430623e-01   4.3370193e-02
   9.6096096e-02   3.0537025e-01   4.3980480e-02
   9.7097097e-02   3.0642690e-01   4.4592890e-02
   9.8098098e-02   3.0747632e-01   4.5207407e-02
   9.9099099e-02   3.0851862e-01   4.5824019e-02
   1.0010010e-01   3.0955392e-01   4.6442710e-02
   1.0110110e-01   3.1058235e-01   4.7063467e-02
   1.0210210e-01   3.1160401e-01   4.7686276e-02
   1.0310310e-01   3.1261901e-01   4.8311124e-02
   1.0410410e-01   3.1362747e-01   4.8937998e-02
   1.0510511e-01   3.1462948e-01   4.9566883e-02
   1.0610611e-01   3.1562515e-01   5.0197769e-02
   1.0710711e-01   3.1661457e-01   5.0830641e-02
   1.0810811e-01   3.1759786e-01   5.1465489e-02
   1.0910911e-01   3.1857509e-01   5.2102299e-02
   1.1011011e-01   3.1954636e-01   5.2741059e-02
   1.1111111e-01   3.2051176e-01   5.3381758e-02
   1.1211211e-01   3.2147138e-01   5.4024383e-02
   1.1311311e-01   3.2242531e-01   5.4668925e-02
   1.1411411e-01   3.2337362e-01   5.5315370e-02
   1.1511512e-01   3.2431641e-01   5.5963708e-02
   1.1611612e-01   3.2525375e-01   5.6613929e-02
   1.1711712e-01   3.2618571e-01   5.7266020e-02
   1.1811812e-01   3.2711238e-01   5.7919972e-02
   1.1911912e-01   3.2803383e-01   5.8575774e-02
   1.2012012e-01   3.2895013e-01   5.9233416e-02
   1.2112112e-01   3.2986135e-01   5.9892887e-02
   1.2212212e-01   3.3076757e-01   6.0554177e-02
   1.2312312e-01   3.3166885e-01   6.1217277e-02
   1.2412412e-01   3.3256525e-01   6.1882176e-02
   1.2512513e-01   3.3345685e-01   6.2548864e-02
   1.2612613e-01   3.3434371e-01   6.3217333e-02
   1.2712713e-01   3.3522589e-01   6.3887573e-02
   1.2812813e-01   3.3610345e-01   6.4559575e-02
   1.2912913e-01   3.3697645e-01   6.5233328e-02
   1.3013013e-01   3.3784495e-01   6.5908825e-02
   1.3113113e-01   3.3870900e-01   6.6586056e-02
   1.3213213e-01   3.3956868e-01   6.7265013e-02
   1.3313313e-01   3.4042402e-01   6.7945686e-02
   1.3413413e-01   3.4127508e-01   6.8628068e-02
   1.3513514e-01   3.4212192e-01   6.9312149e-02
   1.3613614e-01   3.4296459e-01   6.9997921e-02
   1.3713714e-01   3.4380314e-01   7.0685376e-02
   1.3813814e-01   3.4463761e-01   7.1374506e-02
   1.3913914e-01   3.4546807e-01   7.2065303e-02
   1.4014014e-01   3.4629455e-01   7.2757758e-02
   1.4114114e-01   3.4711710e-01   7.3451863e-02
   1.4214214e-01   3.4793578e-01   7.4147612e-02
   1.4314314e-01   3.4875062e-01   7.4844996e-02
   1.4414414e-01   3.4956167e-01   7.5544007e-02
   1.4514515e-01   3.5036898e-01   7.6244638e-02
   1.4614615e-01   3.5117258e-01   7.6946882e-02
   1.4714715e-01   3.5197252e-01   7.7650731e-02
   1.4814815e-01   3.5276884e-01   7.8356178e-02
   1.4914915e-01   3.5356158e-01   7.9063215e-02
   1.5015015e-01   3.5435078e-01   7.9771836e-02
   1.5115115e-01   3.5513649e-01   8.0482034e-02
   1.5215215e-01   3.5591873e-01   8.1193801e-02
   1.5315315e-01   3.5669755e-01   8.1907131e-02
   1.5415415e-01   3.5747298e-01   8.2622016e-02
   1.5515516e-01   3.5824506e-01   8.3338450e-02
   1.5615616e-01   3.5901383e-01   8.4056427e-02
   1.5715716e-01   3.5977932e-01   8.4775940e-02
   1.5815816e-01   3.6054156e-01   8.5496982e-02
   1.5915916e-01   3.6130060e-01   8.6219547e-02
   1.6016016e-01   3.6205646e-01   8.6943628e-02
   1.6116116e-01   3.6280918e-01   8.7669219e-02
   1.6216216e-01   3.6355879e-01   8.8396314e-02
   1.6316316e-01   3.6430532e-01   8.9124907e-02
   1.6416416e-01   3.6504880e-01   8.9854991e-02
   1.6516517e-01   3.6578927e-01   9.0586561e-02
   1.6616617e-01   3.6652675e-01   9.1319610e-02
   1.6716717e-01   3.6726127e-01   9.2054132e-02
   1.6816817e-01   3.6799287e-01   9.2790122e-02
   1.6916917e-01   3.6872157e-01   9.3527574e-02
   1.7017017e-01   3.6944740e-01   9.4266482e-02
   1.7117117e-01   3.7017039e-01   9.5006840e-02
   1.7217217e-01   3.7089057e-01   9.5748643e-02
   1.7317317e-01   3.7160796e-01   9.6491885e-02
   1.7417417e-01   3.7232260e-01   9.7236560e-02
   1.7517518e-01   3.7303449e-01   9.7982663e-02
   1.7617618e-01   3.7374369e-01   9.8730189e-02
   1.7717718e-01   3.7445020e-01   9.9479132e-02
   1.7817818e-01   3.7515405e-01   1.0022949e-01
   1.7917918e-01   3.7585528e-01   1.0098125e-01
   1.8018018e-01   3.7655390e-01   1.0173441e-01
   1.8118118e-01   3.7724993e-01   1.0248897e-01
   1.8218218e-01   3.7794341e-01   1.0324492e-01
   1.8318318e-01   3.7863435e-01   1.0400225e-01
   1.8418418e-01   3.7932277e-01   1.0476097e-01
   1.8518519e-01   3.8000871e-01   1.0552106e-01
   1.8618619e-01   3.8069218e-01   1.0628252e-01
   1.8718719e-01   3.8137321e-01   1.0704535e-01
   1.8818819e-01   3.8205181e-01   1.0780954e-01
   1.8918919e-01   3.8272801e-01   1.0857509e-01
   1.9019019e-01   3.8340183e-01   1.0934198e-01
   1.9119119e-01   3.8407328e-01   1.1011023e-01
   1.9219219e-01   3.8474240e-01   1.1087981e-01
   1.9319319e-01   3.8540920e-01   1.1165073e-01
   1.9419419e-01   3.8607370e-01   1.1242299e-01
   1.9519520e-01   3.8673592e-01   1.1319657e-01
   1.9619620e-01   3.8739588e-01   1.1397148e-01
   1.9719720e-01   3.8805360e-01   1.1474770e-01
   1.9819820e-01   3.8870910e-01   1.1552524e-01
   1.9919920e-01   3.8936239e-01   1.1630409e-01
   2.0020020e-01   3.9001350e-01   1.1708425e-01
   2.0120120e-01   3.9066244e-01   1.1786571e-01
   2.0220220e-01   3.9130924e-01   1.1864846e-01
   2.0320320e-01   3.9195390e-01   1.1943251e-01
   2.0420420e-01   3.9259645e-01   1.2021785e-01
   2.0520521e-01   3.9323690e-01   1.2100447e-01
   2.0620621e-01   3.9387527e-01   1.2179237e-01
   2.0720721e-01   3.9451158e-01   1.2258154e-01
   2.0820821e-01   3.9514585e-01   1.2337199e-01
   2.0920921e-01   3.9577808e-01   1.2416370e-01
   2.1021021e-01   3.9640830e-01   1.2495668e-01
   2.1121121e-01   3.9703653e-01   1.2575092e-01
   2.1221221e-01   3.9766277e-01   1.2654642e-01
   2.1321321e-01   3.9828704e-01   1.2734316e-01
   2.1421421e-01   3.9890937e-01   1.2814116e-01
   2.1521522e-01   3.9952976e-01   1.2894040e-01
   2.1621622e-01   4.0014822e-01   1.2974088e-01
   2.1721722e-01   4.0076479e-01   1.3054259e-01
   2.1821822e-01   4.0137946e-01   1.3134554e-01
   2.1921922e-01   4.0199225e-01   1.3214971e-01
   2.2022022e-01   4.0260318e-01   1.3295511e-01
   2.2122122e-01   4.0321227e-01   1.3376174e-01
   2.2222222e-01   4.0381951e-01   1.3456958e-01
   2.2322322e-01   4.0442494e-01   1.3537863e-01
   2.2422422e-01   4.0502856e-01   1.3618889e-01
   2.2522523e-01   4.0563039e-01   1.3700036e-01
   2.2622623e-01   4.0623043e-01   1.3781304e-01
   2.2722723e-01   4.0682871e-01   1.3862691e-01
   2.2822823e-01   4.0742524e-01   1.3944198e-01
   2.2922923e-01   4.0802002e-01   1.4025824e-01
   2.3023023e-01   4.0861307e-01   1.4107569e-01
   2.3123123e-01   4.0920441e-01   1.4189433e-01
   2.3223223e-01   4.0979404e-01   1.4271415e-01
   2.3323323e-01   4.1038198e-01   1.4353514e-01
   2.3423423e-01   4.1096824e-01   1.4435732e-01
   2.3523524e-01   4.1155284e-01   1.4518066e-01
   2.3623624e-01   4.1213577e-01   1.4600517e-01
   2.3723724e-01   4.1271706e-01   1.4683085e-01
   2.3823824e-01   4.1329672e-01   1.4765769e-01
   2.3923924e-01   4.1387476e-01   1.4848569e-01
   2.4024024e-01   4.1445119e-01   1.4931485e-01
   2.4124124e-01   4.1502602e-01   1.5014515e-01
   2.4224224e-01   4.1559926e-01   1.5097661e-01
   2.4324324e-01   4.1617092e-01   1.5180921e-01
   2.4424424e-01   4.1674102e-01   1.5264296e-01
   2.4524525e-01   4.1730956e-01   1.5347784e-01
   2.4624625e-01   4.1787656e-01   1.5431387e-01
   2.4724725e-01   4.1844202e-01   1.5515102e-01
   2.4824825e-01   4.1900596e-01   1.5598931e-01
   2.4924925e-01   4.1956839e-01   1.5682872e-01
   2.5025025e-01   4.2012931e-01   1.5766926e-01
   2.5125125e-01   4.2068874e-01   1.5851092e-01
   2.5225225e-01   4.2124668e-01   1.5935370e-01
   2.5325325e-01   4.2180315e-01   1.6019759e-01
   2.5425425e-01   4.2235815e-01   1.6104260e-01
   2.5525526e-01   4.2291170e-01   1.6188871e-01
   2.5625626e-01   4.2346381e-01   1.6273594e-01
   2.5725726e-01   4.2401448e-01   1.6358426e-01
   2.5825826e-01   4.2456372e-01   1.6443369e-01
   2.5925926e-01   4.2511154e-01   1.6528422e-01
   2.6026026e-01   4.2565796e-01   1.6613584e-01
   2.6126126e-01   4.2620298e-01   1.6698855e-01
   2.6226226e-01   4.2674660e-01   1.6784236e-01
   2.6326326e-01   4.2728885e-01   1.6869725e-01
   2.6426426e-01   4.2782972e-01   1.6955322e-01
   2.6526527e-01   4.2836923e-01   1.7041028e-01
   2.6626627e-01   4.2890738e-01   1.7126841e-01
   2.6726727e-01   4.2944419e-01   1.7212762e-01
   2.6826827e-01   4.2997966e-01   1.7298791e-01
   2.6926927e-01   4.3051379e-01   1.7384926e-01
   2.7027027e-01   4.3104661e-01   1.7471168e-01
   2.7127127e-01   4.3157811e-01   1.7557517e-01
   2.7227227e-01   4.3210830e-01   1.7643972e-01
   2.7327327e-01   4.3263720e-01   1.7730533e-01
   2.7427427e-01   4.3316481e-01   1.7817200e-01
   2.7527528e-01   4.3369113e-01   1.7903973e-01
   2.7627628e-01   4.3421618e-01   1.7990850e-01
   2.7727728e-01   4.3473997e-01   1.8077833e-01
   2.7827828e-01   4.3526249e-01   1.8164920e-01
   2.7927928e-01   4.3578376e-01   1.8252112e-01
   2.8028028e-01   4.3630379e-01   1.8339408e-01
   2.8128128e-01   4.3682258e-01   1.8426808e-01
   2.8228228e-01   4.3734015e-01   1.8514312e-01
   2.8328328e-01   4.3785649e-01   1.8601919e-01
   2.8428428e-01   4.3837161e-01   1.8689630e-01
   2.8528529e-01   4.3888553e-01   1.8777443e-01
   2.8628629e-01   4.3939825e-01   1.8865359e-01
   2.8728729e-01   4.3990977e-01   1.8953378e-01
   2.8828829e-01   4.4042011e-01   1.9041499e-01
   2.8928929e-01   4.4092927e-01   1.9129723e-01
   2.9029029e-01   4.4143725e-01   1.9218048e-01
   2.9129129e-01   4.4194407e-01   1.9306474e-01
   2.9229229e-01   4.4244972e-01   1.9395002e-01
   2.9329329e-01   4.4295423e-01   1.9483631e-01
   2.9429429e-01   4.4345758e-01   1.9572361e-01
   2.9529530e-01   4.4395980e-01   1.9661192e-01
   2.9629630e-01   4.4446089e-01   1.9750123e-01
   2.9729730e-01   4.4496084e-01   1.9839154e-01
   2.9829830e-01   4.4545968e-01   1.9928285e-01
   2.9929930e-01   4.4595740e-01   2.0017516e-01
   3.0030030e-01   4.4645401e-01   2.0106846e-01
   3.0130130e-01   4.4694952e-01   2.0196276e-01
   3.0230230e-01   4.4744393e-01   2.0285805e-01
   3.0330330e-01   4.4793726e-01   2.0375433e-01
   3.0430430e-01   4.4842950e-01   2.0465159e-01
   3.0530531e-01   4.4892066e-01   2.0554984e-01
   3.0630631e-01   4.4941075e-01   2.0644907e-01
   3.0730731e-01   4.4989977e-01   2.0734928e-01
   3.0830831e-01   4.5038773e-01   2.0825047e-01
   3.0930931e-01   4.5087463e-01   2.0915263e-01
   3.1031031e-01   4.5136049e-01   2.1005577e-01
   3.1131131e-01   4.5184530e-01   2.1095988e-01
   3.1231231e-01   4.5232908e-01   2.1186496e-01
   3.1331331e-01   4.5281182e-01   2.1277101e-01
   3.1431431e-01   4.5329354e-01   2.1367802e-01
   3.1531532e-01   4.5377423e-01   2.1458600e-01
   3.1631632e-01   4.5425391e-01   2.1549493e-01
   3.1731732e-01   4.5473257e-01   2.1640483e-01
   3.1831832e-01   4.5521023e-01   2.1731568e-01
   3.1931932e-01   4.5568689e-01   2.1822749e-01
   3.2032032e-01   4.5616256e-01   2.1914026e-01
   3.2132132e-01   4.5663723e-01   2.2005397e-01
   3.2232232e-01   4.5711092e-01   2.2096863e-01
   3.2332332e-01   4.5758364e-01   2.2188424e-01
   3.2432432e-01   4.5805537e-01   2.2280080e-01
   3.2532533e-01   4.5852614e-01   2.2371830e-01
   3.2632633e-01   4.5899594e-01   2.2463674e-01
   3.2732733e-01   4.5946478e-01   2.2555612e-01
   3.2832833e-01   4.5993267e-01   2.2647643e-01
   3.2932933e-01   4.6039961e-01   2.2739769e-01
   3.3033033e-01   4.6086560e-01   2.2831988e-01
   3.3133133e-01   4.6133065e-01   2.2924299e-01
   3.3233233e-01   4.6179476e-01   2.3016704e-01
   3.3333333e-01   4.6225795e-01   2.3109202e-01
   3.3433433e-01   4.6272021e-01   2.3201793e-01
   3.3533534e-01   4.6318154e-01   2.3294475e-01
   3.3633634e-01   4.6364196e-01   2.3387251e-01
   3.3733734e-01   4.6410147e-01   2.3480118e-01
   3.3833834e-01   4.6456007e-01   2.3573077e-01
   3.3933934e-01   4.6501776e-01   2.3666128e-01
   3.4034034e-01   4.6547456e-01   2.3759270e-01
   3.4134134e-01   4.6593046e-01   2.3852504e-01
   3.4234234e-01   4.6638547e-01   2.3945829e-01
   3.4334334e-01   4.6683960e-01   2.4039245e-01
   3.4434434e-01   4.6729284e-01   2.4132751e-01
   3.4534535e-01   4.6774520e-01   2.4226349e-01
   3.4634635e-01   4.6819669e-01   2.4320037e-01
   3.4734735e-01   4.6864732e-01   2.4413815e-01
   3.4834835e-01   4.6909707e-01   2.4507683e-01
   3.4934935e-01   4.6954597e-01   2.4601641e-01
   3.5035035e-01   4.6999401e-01   2.4695690e-01
   3.5135135e-01   4.7044120e-01   2.4789827e-01
   3.5235235e-01   4.7088754e-01   2.4884054e-01
   3.5335335e-01   4.7133303e-01   2.4978371e-01
   3.5435435e-01   4.7177769e-01   2.5072776e-01
   3.5535536e-01   4.7222151e-01   2.5167271e-01
   3.5635636e-01   4.7266449e-01   2.5261854e-01
   3.5735736e-01   4.7310665e-01   2.5356526e-01
   3.5835836e-01   4.7354798e-01   2.5451286e-01
   3.5935936e-01   4.7398849e-01   2.5546134e-01
   3.6036036e-01   4.7442818e-01   2.5641071e-01
   3.6136136e-01   4.7486706e-01   2.5736095e-01
   3.6236236e-01   4.7530513e-01   2.5831208e-01
   3.6336336e-01   4.7574239e-01   2.5926408e-01
   3.6436436e-01   4.7617885e-01   2.6021695e-01
   3.6536537e-01   4.7661452e-01   2.6117070e-01
   3.6636637e-01   4.7704938e-01   2.6212532e-01
   3.6736737e-01   4.7748346e-01   2.6308080e-01
   3.6836837e-01   4.7791675e-01   2.6403716e-01
   3.6936937e-01   4.7834925e-01   2.6499438e-01
   3.7037037e-01   4.7878098e-01   2.6595247e-01
   3.7137137e-01   4.7921192e-01   2.6691142e-01
   3.7237237e-01   4.7964209e-01   2.6787124e-01
   3.7337337e-01   4.8007150e-01   2.6883191e-01
   3.7437437e-01   4.8050013e-01   2.6979345e-01
   3.7537538e-01   4.8092800e-01   2.7075584e-01
   3.7637638e-01   4.8135512e-01   2.7171908e-01
   3.7737738e-01   4.8178147e-01   2.7268318e-01
   3.7837838e-01   4.8220707e-01   2.7364814e-01
   3.7937938e-01   4.8263193e-01   2.7461394e-01
   3.8038038e-01   4.8305603e-01   2.7558060e-01
   3.8138138e-01   4.8347939e-01   2.7654810e-01
   3.8238238e-01   4.8390202e-01   2.7751645e-01
   3.8338338e-01   4.8432390e-01   2.7848564e-01
   3.8438438e-01   4.8474505e-01   2.7945568e-01
   3.8538539e-01   4.8516547e-01   2.8042656e-01
   3.8638639e-01   4.8558517e-01   2.8139829e-01
   3.8738739e-01   4.8600414e-01   2.8237085e-01
   3.8838839e-01   4.8642238e-01   2.8334425e-01
   3.8938939e-01   4.8683991e-01   2.8431849e-01
   3.9039039e-01   4.8725673e-01   2.8529356e-01
   3.9139139e-01   4.8767283e-01   2.8626946e-01
   3.9239239e-01   4.8808823e-01   2.8724620e-01
   3.9339339e-01   4.8850292e-01   2.8822377e-01
   3.9439439e-01   4.8891690e-01   2.8920217e-01
   3.9539540e-01   4.8933019e-01   2.9018139e-01
   3.9639640e-01   4.8974278e-01   2.9116145e-01
   3.9739740e-01   4.9015467e-01   2.9214232e-01
   3.9839840e-01   4.9056588e-01   2.9312403e-01
   3.9939940e-01   4.9097639e-01   2.9410655e-01
   4.0040040e-01   4.9138622e-01   2.9508990e-01
   4.0140140e-01   4.9179537e-01   2.9607406e-01
   4.0240240e-01   4.9220384e-01   2.9705905e-01
   4.0340340e-01   4.9261163e-01   2.9804485e-01
   4.0440440e-01   4.9301875e-01   2.9903147e-01
   4.0540541e-01   4.9342519e-01   3.0001890e-01
   4.0640641e-01   4.9383097e-01   3.0100714e-01
   4.0740741e-01   4.9423608e-01   3.0199620e-01
   4.0840841e-01   4.9464053e-01   3.0298606e-01
   4.0940941e-01   4.9504432e-01   3.0397674e-01
   4.1041041e-01   4.9544745e-01   3.0496822e-01
   4.1141141e-01   4.9584992e-01   3.0596051e-01
   4.1241241e-01   4.9625175e-01   3.0695361e-01
   4.1341341e-01   4.9665292e-01   3.0794751e-01
   4.1441441e-01   4.9705345e-01   3.0894221e-01
   4.1541542e-01   4.9745333e-01   3.0993771e-01
   4.1641642e-01   4.9785257e-01   3.1093401e-01
   4.1741742e-01   4.9825117e-01   3.1193111e-01
   4.1841842e-01   4.9864914e-01   3.1292901e-01
   4.1941942e-01   4.9904647e-01   3.1392771e-01
   4.2042042e-01   4.9944316e-01   3.1492719e-01
   4.2142142e-01   4.9983923e-01   3.1592748e-01
   4.2242242e-01   5.0023468e-01   3.1692855e-01
   4.2342342e-01   5.0062949e-01   3.1793042e-01
   4.2442442e-01   5.0102369e-01   3.1893307e-01
   4.2542543e-01   5.0141727e-01   3.1993652e-01
   4.2642643e-01   5.0181023e-01   3.2094075e-01
   4.2742743e-01   5.0220258e-01   3.2194577e-01
   4.2842843e-01   5.0259431e-01   3.2295157e-01
   4.2942943e-01   5.0298543e-01   3.2395816e-01
   4.3043043e-01   5.0337595e-01   3.2496553e-01
   4.3143143e-01   5.0376586e-01   3.2597368e-01
   4.3243243e-01   5.0415517e-01   3.2698261e-01
   4.3343343e-01   5.0454388e-01   3.2799231e-01
   4.3443443e-01   5.0493199e-01   3.2900280e-01
   4.3543544e-01   5.0531951e-01   3.3001406e-01
   4.3643644e-01   5.0570643e-01   3.3102610e-01
   4.3743744e-01   5.0609276e-01   3.3203891e-01
   4.3843844e-01   5.0647850e-01   3.3305250e-01
   4.3943944e-01   5.0686365e-01   3.3406685e-01
   4.4044044e-01   5.0724822e-01   3.3508198e-01
   4.4144144e-01   5.0763221e-01   3.3609788e-01
   4.4244244e-01   5.0801562e-01   3.3711454e-01
   4.4344344e-01   5.0839845e-01   3.3813197e-01
   4.4444444e-01   5.0878071e-01   3.3915017e-01
   4.4544545e-01   5.0916239e-01   3.4016913e-01
   4.4644645e-01   5.0954350e-01   3.4118886e-01
   4.4744745e-01   5.0992404e-01   3.4220935e-01
   4.4844845e-01   5.1030401e-01   3.4323060e-01
   4.4944945e-01   5.1068342e-01   3.4425261e-01
   4.5045045e-01   5.1106226e-01   3.4527537e-01
   4.5145145e-01   5.1144055e-01   3.4629890e-01
   4.5245245e-01   5.1181827e-01   3.4732318e-01
   4.5345345e-01   5.1219544e-01   3.4834822e-01
   4.5445445e-01   5.1257206e-01   3.4937402e-01
   4.5545546e-01   5.1294812e-01   3.5040056e-01
   4.5645646e-01   5.1332363e-01   3.5142786e-01
   4.5745746e-01   5.1369859e-01   3.5245591e-01
   4.5845846e-01   5.1407301e-01   3.5348471e-01
   4.5945946e-01   5.1444688e-01   3.5451426e-01
   4.6046046e-01   5.1482021e-01   3.5554456e-01
   4.6146146e-01   5.1519300e-01   3.5657560e-01
   4.6246246e-01   5.1556525e-01   3.5760739e-01
   4.6346346e-01   5.1593696e-01   3.5863993e-01
   4.6446446e-01   5.1630814e-01   3.5967321e-01
   4.6546547e-01   5.1667878e-01   3.6070723e-01
   4.6646647e-01   5.1704890e-01   3.6174199e-01
   4.6746747e-01   5.1741848e-01   3.6277749e-01
   4.6846847e-01   5.1778754e-01   3.6381373e-01
   4.6946947e-01   5.1815607e-01   3.6485072e-01
   4.7047047e-01   5.1852408e-01   3.6588843e-01
   4.7147147e-01   5.1889157e-01   3.6692689e-01
   4.7247247e-01   5.1925853e-01   3.6796608e-01
   4.7347347e-01   5.1962498e-01   3.6900600e-01
   4.7447447e-01   5.1999092e-01   3.7004666e-01
   4.7547548e-01   5.2035634e-01   3.7108805e-01
   4.7647648e-01   5.2072124e-01   3.7213017e-01
   4.7747748e-01   5.2108564e-01   3.7317301e-01
   4.7847848e-01   5.2144952e-01   3.7421659e-01
   4.7947948e-01   5.2181290e-01   3.7526090e-01
   4.8048048e-01   5.2217578e-01   3.7630593e-01
   4.8148148e-01   5.2253815e-01   3.7735169e-01
   4.8248248e-01   5.2290002e-01   3.7839818e-01
   4.8348348e-01   5.2326139e-01   3.7944539e-01
   4.8448448e-01   5.2362226e-01   3.8049332e-01
   4.8548549e-01   5.2398263e-01   3.8154197e-01
   4.8648649e-01   5.2434251e-01   3.8259135e-01
   4.8748749e-01   5.2470189e-01   3.8364144e-01
   4.8848849e-01   5.2506079e-01   3.8469225e-01
   4.8948949e-01   5.2541919e-01   3.8574379e-01
   4.9049049e-01   5.2577710e-01   3.8679603e-01
   4.9149149e-01   5.2613453e-01   3.8784900e-01
   4.9249249e-01   5.2649148e-01   3.8890268e-01
   4.9349349e-01   5.2684794e-01   3.8995707e-01
   4.9449449e-01   5.2720391e-01   3.9101218e-01
   4.9549550e-01   5.2755941e-01   3.9206800e-01
   4.9649650e-01   5.2791443e-01   3.9312453e-01
   4.9749750e-01   5.2826898e-01   3.9418177e-01
   4.9849850e-01   5.2862304e-01   3.9523972e-01
   4.9949950e-01   5.2897664e-01   3.9629838e-01
   5.0050050e-01   5.2932976e-01   3.9735774e-01
   5.0150150e-01   5.2968241e-01   3.9841782e-01
   5.0250250e-01   5.3003459e-01   3.9947859e-01
   5.0350350e-01   5.3038631e-01   4.0054008e-01
   5.0450450e-01   5.3073756e-01   4.0160226e-01
   5.0550551e-01   5.3108834e-01   4.0266515e-01
   5.0650651e-01   5.3143867e-01   4.0372874e-01
   5.0750751e-01   5.3178853e-01   4.0479303e-01
   5.0850851e-01   5.3213793e-01   4.0585802e-01
   5.0950951e-01   5.3248687e-01   4.0692372e-01
   5.1051051e-01   5.3283536e-01   4.0799010e-01
   5.1151151e-01   5.3318339e-01   4.0905719e-01
   5.1251251e-01   5.3353097e-01   4.1012497e-01
   5.1351351e-01   5.3387809e-01   4.1119345e-01
   5.1451451e-01   5.3422476e-01   4.1226262e-01
   5.1551552e-01   5.3457099e-01   4.1333249e-01
   5.1651652e-01   5.3491677e-01   4.1440305e-01
   5.1751752e-01   5.3526210e-01   4.1547430e-01
   5.1851852e-01   5.3560698e-01   4.1654624e-01
   5.1951952e-01   5.3595142e-01   4.1761887e-01
   5.2052052e-01   5.3629542e-01   4.1869219e-01
   5.2152152e-01   5.3663898e-01   4.1976620e-01
   5.2252252e-01   5.3698210e-01   4.2084089e-01
   5.2352352e-01   5.3732478e-01   4.2191627e-01
   5.2452452e-01   5.3766703e-01   4.2299234e-01
   5.2552553e-01   5.3800884e-01   4.2406909e-01
   5.2652653e-01   5.3835022e-01   4.2514653e-01
   5.2752753e-01   5.3869116e-01   4.2622465e-01
   5.2852853e-01   5.3903167e-01   4.2730345e-01
   5.2952953e-01   5.3937176e-01   4.2838294e-01
   5.3053053e-01   5.3971141e-01   4.2946310e-01
   5.3153153e-01   5.4005064e-01   4.3054394e-01
   5.3253253e-01   5.4038944e-01   4.3162546e-01
   5.3353353e-01   5.4072782e-01   4.3270766e-01
   5.3453453e-01   5.4106577e-01   4.3379054e-01
   5.3553554e-01   5.4140331e-01   4.3487409e-01
   5.3653654e-01   5.4174042e-01   4.3595832e-01
   5.3753754e-01   5.4207711e-01   4.3704322e-01
   5.3853854e-01   5.4241339e-01   4.3812880e-01
   5.3953954e-01   5.4274925e-01   4.3921505e-01
   5.4054054e-01   5.4308469e-01   4.4030197e-01
   5.4154154e-01   5.4341973e-01   4.4138956e-01
   5.4254254e-01   5.4375434e-01   4.4247782e-01
   5.4354354e-01   5.4408855e-01   4.4356675e-01
   5.4454454e-01   5.4442235e-01   4.4465635e-01
   5.4554555e-01   5.4475574e-01   4.4574662e-01
   5.4654655e-01   5.4508872e-01   4.4683756e-01
   5.4754755e-01   5.4542129e-01   4.4792916e-01
   5.4854855e-01   5.4575346e-01   4.4902143e-01
   5.4954955e-01   5.4608522e-01   4.5011436e-01
   5.5055055e-01   5.4641659e-01   4.5120795e-01
   5.5155155e-01   5.4674755e-01   4.5230221e-01
   5.5255255e-01   5.4707811e-01   4.5339713e-01
   5.5355355e-01   5.4740827e-01   4.5449271e-01
   5.5455455e-01   5.4773803e-01   4.5558896e-01
   5.5555556e-01   5.4806740e-01   4.5668586e-01
   5.5655656e-01   5.4839637e-01   4.5778342e-01
   5.5755756e-01   5.4872495e-01   4.5888164e-01
   5.5855856e-01   5.4905314e-01   4.5998052e-01
   5.5955956e-01   5.4938093e-01   4.6108005e-01
   5.6056056e-01   5.4970833e-01   4.6218024e-01
   5.6156156e-01   5.5003534e-01   4.6328108e-01
   5.6256256e-01   5.5036197e-01   4.6438258e-01
   5.6356356e-01   5.5068821e-01   4.6548474e-01
   5.6456456e-01   5.5101406e-01   4.6658754e-01
   5.6556557e-01   5.5133952e-01   4.6769100e-01
   5.6656657e-01   5.5166461e-01   4.6879511e-01
   5.6756757e-01   5.5198931e-01   4.6989987e-01
   5.6856857e-01   5.5231362e-01   4.7100527e-01
   5.6956957e-01   5.5263756e-01   4.7211133e-01
   5.7057057e-01   5.5296112e-01   4.7321804e-01
   5.7157157e-01   5.5328430e-01   4.7432539e-01
   5.7257257e-01   5.5360710e-01   4.7543339e-01
   5.7357357e-01   5.5392953e-01   4.7654203e-01
   5.7457457e-01   5.5425158e-01   4.7765132e-01
   5.7557558e-01   5.5457326e-01   4.7876126e-01
   5.7657658e-01   5.5489457e-01   4.7987184e-01
   5.7757758e-01   5.5521550e-01   4.8098306e-01
   5.7857858e-01   5.5553606e-01   4.8209492e-01
   5.7957958e-01   5.5585626e-01   4.8320743e-01
   5.8058058e-01   5.5617608e-01   4.8432057e-01
   5.8158158e-01   5.5649554e-01   4.8543436e-01
   5.8258258e-01   5.5681463e-01   4.8654878e-01
   5.8358358e-01   5.5713336e-01   4.8766385e-01
   5.8458458e-01   5.5745172e-01   4.8877955e-01
   5.8558559e-01   5.5776972e-01   4.8989588e-01
   5.8658659e-01   5.5808735e-01   4.9101286e-01
   5.8758759e-01   5.5840463e-01   4.9213047e-01
   5.8858859e-01   5.5872155e-01   4.9324871e-01
   5.8958959e-01   5.5903810e-01   4.9436759e-01
   5.9059059e-01   5.5935430e-01   4.9548710e-01
   5.9159159e-01   5.5967014e-01   4.9660725e-01
   5.9259259e-01   5.5998563e-01   4.9772802e-01
   5.9359359e-01   5.6030076e-01   4.9884943e-01
   5.9459459e-01   5.6061553e-01   4.9997147e-01
   5.9559560e-01   5.6092995e-01   5.0109414e-01
   5.9659660e-01   5.6124402e-01   5.0221743e-01
   5.9759760e-01   5.6155774e-01   5.0334136e-01
   5.9859860e-01   5.6187111e-01   5.0446591e-01
   5.9959960e-01   5.6218413e-01   5.0559109e-01
   6.0060060e-01   5.6249681e-01   5.0671690e-01
   6.0160160e-01   5.6280913e-01   5.0784333e-01
   6.0260260e-01   5.6312111e-01   5.0897039e-01
   6.0360360e-01   5.6343274e-01   5.1009807e-01
   6.0460460e-01   5.6374403e-01   5.1122638e-01
   6.0560561e-01   5.6405498e-01   5.1235531e-01
   6.0660661e-01   5.6436558e-01   5.1348486e-01
   6.0760761e-01   5.6467584e-01   5.1461503e-01
   6.0860861e-01   5.6498576e-01   5.1574582e-01
   6.0960961e-01   5.6529534e-01   5.1687723e-01
   6.1061061e-01   5.6560459e-01   5.1800926e-01
   6.1161161e-01   5.6591349e-01   5.1914191e-01
   6.1261261e-01   5.6622206e-01   5.2027518e-01
   6.1361361e-01   5.6653029e-01   5.2140907e-01
   6.1461461e-01   5.6683819e-01   5.2254357e-01
   6.1561562e-01   5.6714575e-01   5.2367869e-01
   6.1661662e-01   5.6745298e-01   5.2481443e-01
   6.1761762e-01   5.6775988e-01   5.2595078e-01
   6.1861862e-01   5.6806644e-01   5.2708774e-01
   6.1961962e-01   5.6837268e-01   5.2822532e-01
   6.2062062e-01   5.6867858e-01   5.2936350e-01
   6.2162162e-01   5.6898416e-01   5.3050231e-01
   6.2262262e-01   5.6928941e-01   5.3164172e-01
   6.2362362e-01   5.6959433e-01   5.3278174e-01
   6.2462462e-01   5.6989893e-01   5.3392238e-01
   6.2562563e-01   5.7020320e-01   5.3506362e-01
   6.2662663e-01   5.7050715e-01   5.3620547e-01
   6.2762763e-01   5.7081077e-01   5.3734793e-01
   6.2862863e-01   5.7111407e-01   5.3849100e-01
   6.2962963e-01   5.7141705e-01   5.3963468e-01
   6.3063063e-01   5.7171970e-01   5.4077896e-01
   6.3163163e-01   5.7202204e-01   5.4192384e-01
   6.3263263e-01   5.7232406e-01   5.4306934e-01
   6.3363363e-01   5.7262576e-01   5.4421543e-01
   6.3463463e-01   5.7292714e-01   5.4536213e-01
   6.3563564e-01   5.7322821e-01   5.4650943e-01
   6.3663664e-01   5.7352896e-01   5.4765734e-01
   6.3763764e-01   5.7382939e-01   5.4880585e-01
   6.3863864e-01   5.7412951e-01   5.4995495e-01
   6.3963964e-01   5.7442932e-01   5.5110466e-01
   6.4064064e-01   5.7472881e-01   5.5225497e-01
   6.4164164e-01   5.7502799e-01   5.5340588e-01
   6.4264264e-01   5.7532686e-01   5.5455738e-01
   6.4364364e-01   5.7562542e-01   5.5570949e-01
   6.4464464e-01   5.7592368e-01   5.5686219e-01
   6.4564565e-01   5.7622162e-01   5.5801549e-01
   6.4664665e-01   5.7651925e-01   5.5916938e-01
   6.4764765e-01   5.7681658e-01   5.6032387e-01
   6.4864865e-01   5.7711360e-01   5.6147896e-01
   6.4964965e-01   5.7741032e-01   5.6263464e-01
   6.5065065e-01   5.7770673e-01   5.6379091e-01
   6.5165165e-01   5.7800284e-01   5.6494778e-01
   6.5265265e-01   5.7829865e-01   5.6610524e-01
   6.5365365e-01   5.7859415e-01   5.6726329e-01
   6.5465465e-01   5.7888935e-01   5.6842193e-01
   6.5565566e-01   5.7918425e-01   5.6958116e-01
   6.5665666e-01   5.7947885e-01   5.7074099e-01
   6.5765766e-01   5.7977315e-01   5.7190140e-01
   6.5865866e-01   5.8006715e-01   5.7306240e-01
   6.5965966e-01   5.8036086e-01   5.7422399e-01
   6.6066066e-01   5.8065427e-01   5.7538617e-01
   6.6166166e-01   5.8094738e-01   5.7654893e-01
   6.6266266e-01   5.8124020e-01   5.7771228e-01
   6.6366366e-01   5.8153272e-01   5.7887622e-01
   6.6466466e-01   5.8182494e-01   5.8004074e-01
   6.6566567e-01   5.8211688e-01   5.8120585e-01
   6.6666667e-01   5.8240852e-01   5.8237154e-01
   6.6766767e-01   5.8269987e-01   5.8353781e-01
   6.6866867e-01   5.8299093e-01   5.8470467e-01
   6.6966967e-01   5.8328170e-01   5.8587211e-01
   6.7067067e-01   5.8357218e-01   5.8704013e-01
   6.7167167e-01   5.8386237e-01   5.8820874e-01
   6.7267267e-01   5.8415227e-01   5.8937792e-01
   6.7367367e-01   5.8444188e-01   5.9054768e-01
   6.7467467e-01   5.8473121e-01   5.9171803e-01
   6.7567568e-01   5.8502025e-01   5.9288895e-01
   6.7667668e-01   5.8530901e-01   5.9406045e-01
   6.7767768e-01   5.8559748e-01   5.9523253e-01
   6.7867868e-01   5.8588567e-01   5.9640519e-01
   6.7967968e-01   5.8617357e-01   5.9757842e-01
   6.8068068e-01   5.8646120e-01   5.9875223e-01
   6.8168168e-01   5.8674854e-01   5.9992661e-01
   6.8268268e-01   5.8703559e-01   6.0110157e-01
   6.8368368e-01   5.8732237e-01   6.0227710e-01
   6.8468468e-01   5.8760887e-01   6.0345321e-01
   6.8568569e-01   5.8789509e-01   6.0462989e-01
   6.8668669e-01   5.8818103e-01   6.0580714e-01
   6.8768769e-01   5.8846670e-01   6.0698497e-01
   6.8868869e-01   5.8875208e-01   6.0816337e-01
   6.8968969e-01   5.8903719e-01   6.0934234e-01
   6.9069069e-01   5.8932203e-01   6.1052187e-01
   6.9169169e-01   5.8960659e-01   6.1170198e-01
   6.9269269e-01   5.8989087e-01   6.1288266e-01
   6.9369369e-01   5.9017488e-01   6.1406391e-01
   6.9469469e-01   5.9045862e-01   6.1524572e-01
   6.9569570e-01   5.9074209e-01   6.1642811e-01
   6.9669670e-01   5.9102528e-01   6.1761106e-01
   6.9769770e-01   5.9130820e-01   6.1879457e-01
   6.9869870e-01   5.9159085e-01   6.1997866e-01
   6.9969970e-01   5.9187324e-01   6.2116331e-01
   7.0070070e-01   5.9215535e-01   6.2234852e-01
   7.0170170e-01   5.9243719e-01   6.2353430e-01
   7.0270270e-01   5.9271877e-01   6.2472064e-01
   7.0370370e-01   5.9300008e-01   6.2590755e-01
   7.0470470e-01   5.9328112e-01   6.2709501e-01
   7.0570571e-01   5.9356190e-01   6.2828305e-01
   7.0670671e-01   5.9384241e-01   6.2947164e-01
   7.0770771e-01   5.9412266e-01   6.3066079e-01
   7.0870871e-01   5.9440264e-01   6.3185051e-01
   7.0970971e-01   5.9468236e-01   6.3304078e-01
   7.1071071e-01   5.9496181e-01   6.3423162e-01
   7.1171171e-01   5.9524101e-01   6.3542301e-01
   7.1271271e-01   5.9551994e-01   6.3661497e-01
   7.1371371e-01   5.9579861e-01   6.3780748e-01
   7.1471471e-01   5.9607702e-01   6.3900055e-01
   7.1571572e-01   5.9635517e-01   6.4019417e-01
   7.1671672e-01   5.9663306e-01   6.4138835e-01
   7.1771772e-01   5.9691070e-01   6.4258309e-01
   7.1871872e-01   5.9718807e-01   6.4377839e-01
   7.1971972e-01   5.9746519e-01   6.4497423e-01
   7.2072072e-01   5.9774205e-01   6.4617064e-01
   7.2172172e-01   5.9801865e-01   6.4736760e-01
   7.2272272e-01   5.9829500e-01   6.4856511e-01
   7.2372372e-01   5.9857110e-01   6.4976317e-01
   7.2472472e-01   5.9884694e-01   6.5096179e-01
   7.2572573e-01   5.9912252e-01   6.5216096e-01
   7.2672673e-01   5.9939785e-01   6.5336068e-01
   7.2772773e-01   5.9967293e-01   6.5456095e-01
   7.2872873e-01   5.9994776e-01   6.5576177e-01
   7.2972973e-01   6.0022234e-01   6.5696314e-01
   7.3073073e-01   6.0049666e-01   6.5816506e-01
   7.3173173e-01   6.0077074e-01   6.5936753e-01
   7.3273273e-01   6.0104456e-01   6.6057055e-01
   7.3373373e-01   6.0131814e-01   6.6177412e-01
   7.3473473e-01   6.0159146e-01   6.6297823e-01
   7.3573574e-01   6.0186454e-01   6.6418289e-01
   7.3673674e-01   6.0213737e-01   6.6538810e-01
   7.3773774e-01   6.0240995e-01   6.6659385e-01
   7.3873874e-01   6.0268229e-01   6.6780015e-01
   7.3973974e-01   6.0295438e-01   6.6900699e-01
   7.4074074e-01   6.0322623e-01   6.7021438e-01
   7.4174174e-01   6.0349783e-01   6.7142231e-01
   7.4274274e-01   6.0376919e-01   6.7263079e-01
   7.4374374e-01   6.0404030e-01   6.7383981e-01
   7.4474474e-01   6.0431117e-01   6.7504937e-01
   7.4574575e-01   6.0458180e-01   6.7625947e-01
   7.4674675e-01   6.0485218e-01   6.7747012e-01
   7.4774775e-01   6.0512233e-01   6.7868130e-01
   7.4874875e-01   6.0539223e-01   6.7989303e-01
   7.4974975e-01   6.0566189e-01   6.8110529e-01
   7.5075075e-01   6.0593132e-01   6.8231810e-01
   7.5175175e-01   6.0620050e-01   6.8353145e-01
   7.5275275e-01   6.0646944e-01   6.8474533e-01
   7.5375375e-01   6.0673815e-01   6.8595975e-01
   7.5475475e-01   6.0700662e-01   6.8717471e-01
   7.5575576e-01   6.0727485e-01   6.8839021e-01
   7.5675676e-01   6.0754284e-01   6.8960624e-01
   7.5775776e-01   6.0781060e-01   6.9082281e-01
   7.5875876e-01   6.0807812e-01   6.9203992e-01
   7.5975976e-01   6.0834541e-01   6.9325756e-01
   7.6076076e-01   6.0861246e-01   6.9447573e-01
   7.6176176e-01   6.0887928e-01   6.9569445e-01
   7.6276276e-01   6.0914587e-01   6.9691369e-01
   7.6376376e-01   6.0941222e-01   6.9813347e-01
   7.6476476e-01   6.0967834e-01   6.9935378e-01
   7.6576577e-01   6.0994422e-01   7.0057462e-01
   7.6676677e-01   6.1020988e-01   7.0179600e-01
   7.6776777e-01   6.1047530e-01   7.0301790e-01
   7.6876877e-01   6.1074050e-01   7.0424034e-01
   7.6976977e-01   6.1100546e-01   7.0546331e-01
   7.7077077e-01   6.1127019e-01   7.0668681e-01
   7.7177177e-01   6.1153470e-01   7.0791084e-01
   7.7277277e-01   6.1179897e-01   7.0913540e-01
   7.7377377e-01   6.1206302e-01   7.1036048e-01
   7.7477477e-01   6.1232684e-01   7.1158610e-01
   7.7577578e-01   6.1259043e-01   7.1281224e-01
   7.7677678e-01   6.1285380e-01   7.1403891e-01
   7.7777778e-01   6.1311694e-01   7.1526611e-01
   7.7877878e-01   6.1337986e-01   7.1649384e-01
   7.7977978e-01   6.1364255e-01   7.1772209e-01
   7.8078078e-01   6.1390501e-01   7.1895086e-01
   7.8178178e-01   6.1416725e-01   7.2018017e-01
   7.8278278e-01   6.1442927e-01   7.2140999e-01
   7.8378378e-01   6.1469106e-01   7.2264034e-01
   7.8478478e-01   6.1495263e-01   7.2387122e-01
   7.8578579e-01   6.1521398e-01   7.2510262e-01
   7.8678679e-01   6.1547511e-01   7.2633454e-01
   7.8778779e-01   6.1573601e-01   7.2756698e-01
   7.8878879e-01   6.1599670e-01   7.2879995e-01
   7.8978979e-01   6.1625716e-01   7.3003343e-01
   7.9079079e-01   6.1651740e-01   7.3126744e-01
   7.9179179e-01   6.1677743e-01   7.3250197e-01
   7.9279279e-01   6.1703723e-01   7.3373702e-01
   7.9379379e-01   6.1729682e-01   7.3497259e-01
   7.9479479e-01   6.1755619e-01   7.3620868e-01
   7.9579580e-01   6.1781534e-01   7.3744529e-01
   7.9679680e-01   6.1807427e-01   7.3868241e-01
   7.9779780e-01   6.1833299e-01   7.3992006e-01
   7.9879880e-01   6.1859149e-01   7.4115822e-01
   7.9979980e-01   6.1884977e-01   7.4239690e-01
   8.0080080e-01   6.1910784e-01   7.4363610e-01
   8.0180180e-01   6.1936570e-01   7.4487581e-01
   8.0280280e-01   6.1962334e-01   7.4611604e-01
   8.0380380e-01   6.1988076e-01   7.4735679e-01
   8.0480480e-01   6.2013797e-01   7.4859805e-01
   8.0580581e-01   6.2039497e-01   7.4983982e-01
   8.0680681e-01   6.2065176e-01   7.5108211e-01
   8.0780781e-01   6.2090833e-01   7.5232491e-01
   8.0880881e-01   6.2116470e-01   7.5356823e-01
   8.0980981e-01   6.2142085e-01   7.5481206e-01
   8.1081081e-01   6.2167678e-01   7.5605640e-01
   8.1181181e-01   6.2193251e-01   7.5730125e-01
   8.1281281e-01   6.2218803e-01   7.5854662e-01
   8.1381381e-01   6.2244334e-01   7.5979250e-01
   8.1481481e-01   6.2269844e-01   7.6103889e-01
   8.1581582e-01   6.2295333e-01   7.6228578e-01
   8.1681682e-01   6.2320801e-01   7.6353319e-01
   8.1781782e-01   6.2346249e-01   7.6478111e-01
   8.1881882e-01   6.2371676e-01   7.6602954e-01
   8.1981982e-01   6.2397082e-01   7.6727848e-01
   8.2082082e-01   6.2422467e-01   7.6852792e-01
   8.2182182e-01   6.2447832e-01   7.6977787e-01
   8.2282282e-01   6.2473176e-01   7.7102833e-01
   8.2382382e-01   6.2498499e-01   7.7227930e-01
   8.2482482e-01   6.2523802e-01   7.7353078e-01
   8.2582583e-01   6.2549085e-01   7.7478276e-01
   8.2682683e-01   6.2574347e-01   7.7603524e-01
   8.2782783e-01   6.2599589e-01   7.7728824e-01
   8.2882883e-01   6.2624810e-01   7.7854173e-01
   8.2982983e-01   6.2650011e-01   7.7979574e-01
   8.3083083e-01   6.2675192e-01   7.8105024e-01
   8.3183183e-01   6.2700353e-01   7.8230525e-01
   8.3283283e-01   6.2725493e-01   7.8356077e-01
   8.3383383e-01   6.2750614e-01   7.8481678e-01
   8.3483483e-01   6.2775714e-01   7.8607330e-01
   8.3583584e-01   6.2800794e-01   7.8733033e-01
   8.3683684e-01   6.2825854e-01   7.8858785e-01
   8.3783784e-01   6.2850894e-01   7.8984588e-01
   8.3883884e-01   6.2875915e-01   7.9110440e-01
   8.3983984e-01   6.2900915e-01   7.9236343e-01
   8.4084084e-01   6.2925896e-01   7.9362296e-01
   8.4184184e-01   6.2950856e-01   7.9488298e-01
   8.4284284e-01   6.2975797e-01   7.9614351e-01
   8.4384384e-01   6.3000718e-01   7.9740454e-01
   8.4484484e-01   6.3025620e-01   7.9866606e-01
   8.4584585e-01   6.3050502e-01   7.9992809e-01
   8.4684685e-01   6.3075364e-01   8.0119061e-01
   8.4784785e-01   6.3100206e-01   8.0245363e-01
   8.4884885e-01   6.3125030e-01   8.0371714e-01
   8.4984985e-01   6.3149833e-01   8.0498115e-01
   8.5085085e-01   6.3174617e-01   8.0624566e-01
   8.5185185e-01   6.3199382e-01   8.0751067e-01
   8.5285285e-01   6.3224127e-01   8.0877617e-01
   8.5385385e-01   6.3248853e-01   8.1004216e-01
   8.5485485e-01   6.3273560e-01   8.1130866e-01
   8.5585586e-01   6.3298247e-01   8.1257564e-01
   8.5685686e-01   6.3322915e-01   8.1384312e-01
   8.5785786e-01   6.3347564e-01   8.1511109e-01
   8.5885886e-01   6.3372193e-01   8.1637956e-01
   8.5985986e-01   6.3396804e-01   8.1764852e-01
   8.6086086e-01   6.3421396e-01   8.1891797e-01
   8.6186186e-01   6.3445968e-01   8.2018791e-01
   8.6286286e-01   6.3470521e-01   8.2145835e-01
   8.6386386e-01   6.3495056e-01   8.2272927e-01
   8.6486486e-01   6.3519571e-01   8.2400069e-01
   8.6586587e-01   6.3544068e-01   8.2527260e-01
   8.6686687e-01   6.3568545e-01   8.2654500e-01
   8.6786787e-01   6.3593004e-01   8.2781789e-01
   8.6886887e-01   6.3617444e-01   8.2909126e-01
   8.6986987e-01   6.3641866e-01   8.3036513e-01
   8.7087087e-01   6.3666268e-01   8.3163949e-01
   8.7187187e-01   6.3690652e-01   8.3291433e-01
   8.7287287e-01   6.3715017e-01   8.3418966e-01
   8.7387387e-01   6.3739364e-01   8.3546548e-01
   8.7487487e-01   6.3763692e-01   8.3674179e-01
   8.7587588e-01   6.3788001e-01   8.3801858e-01
   8.7687688e-01   6.3812292e-01   8.3929586e-01
   8.7787788e-01   6.3836565e-01   8.4057363e-01
   8.7887888e-01   6.3860819e-01   8.4185188e-01
   8.7987988e-01   6.3885054e-01   8.4313062e-01
   8.8088088e-01   6.3909272e-01   8.4440984e-01
   8.8188188e-01   6.3933470e-01   8.4568955e-01
   8.8288288e-01   6.3957651e-01   8.4696974e-01
   8.8388388e-01   6.3981813e-01   8.4825042e-01
   8.8488488e-01   6.4005957e-01   8.4953158e-01
   8.8588589e-01   6.4030083e-01   8.5081322e-01
   8.8688689e-01   6.4054191e-01   8.5209534e-01
   8.8788789e-01   6.4078281e-01   8.5337795e-01
   8.8888889e-01   6.4102352e-01   8.5466104e-01
   8.8988989e-01   6.4126406e-01   8.5594461e-01
   8.9089089e-01   6.4150441e-01   8.5722866e-01
   8.9189189e-01   6.4174458e-01   8.5851320e-01
   8.9289289e-01   6.4198458e-01   8.5979821e-01
   8.9389389e-01   6.4222439e-01   8.6108370e-01
   8.9489489e-01   6.4246403e-01   8.6236968e-01
   8.9589590e-01   6.4270349e-01   8.6365613e-01
   8.9689690e-01   6.4294276e-01   8.6494307e-01
   8.9789790e-01   6.4318187e-01   8.6623048e-01
   8.9889890e-01   6.4342079e-01   8.6751837e-01
   8.9989990e-01   6.4365954e-01   8.6880674e-01
   9.0090090e-01   6.4389810e-01   8.7009558e-01
   9.0190190e-01   6.4413650e-01   8.7138491e-01
   9.0290290e-01   6.4437471e-01   8.7267471e-01
   9.0390390e-01   6.4461275e-01   8.7396499e-01
   9.0490490e-01   6.4485062e-01   8.7525574e-01
   9.0590591e-01   6.4508831e-01   8.7654697e-01
   9.0690691e-01   6.4532582e-01   8.7783868e-01
   9.0790791e-01   6.4556316e-01   8.7913086e-01
   9.0890891e-01   6.4580033e-01   8.8042351e-01
   9.0990991e-01   6.4603732e-01   8.8171664e-01
   9.1091091e-01   6.4627413e-01   8.8301025e-01
   9.1191191e-01   6.4651078e-01   8.8430433e-01
   9.1291291e-01   6.4674725e-01   8.8559888e-01
   9.1391391e-01   6.4698355e-01   8.8689391e-01
   9.1491491e-01   6.4721967e-01   8.8818941e-01
   9.1591592e-01   6.4745563e-01   8.8948538e-01
   9.1691692e-01   6.4769141e-01   8.9078182e-01
   9.1791792e-01   6.4792702e-01   8.9207874e-01
   9.1891892e-01   6.4816245e-01   8.9337612e-01
   9.1991992e-01   6.4839772e-01   8.9467398e-01
   9.2092092e-01   6.4863282e-01   8.9597231e-01
   9.2192192e-01   6.4886775e-01   8.9727111e-01
   9.2292292e-01   6.4910250e-01   8.9857038e-01
   9.2392392e-01   6.4933709e-01   8.9987012e-01
   9.2492492e-01   6.4957151e-01   9.0117033e-01
   9.2592593e-01   6.4980576e-01   9.0247100e-01
   9.2692693e-01   6.5003984e-01   9.0377215e-01
   9.2792793e-01   6.5027375e-01   9.0507377e-01
   9.2892893e-01   6.5050749e-01   9.0637585e-01
   9.2992993e-01   6.5074107e-01   9.0767840e-01
   9.3093093e-01   6.5097447e-01   9.0898142e-01
   9.3193193e-01   6.5120772e-01   9.1028491e-01
   9.3293293e-01   6.5144079e-01   9.1158886e-01
   9.3393393e-01   6.5167370e-01   9.1289328e-01
   9.3493493e-01   6.5190644e-01   9.1419816e-01
   9.3593594e-01   6.5213901e-01   9.1550351e-01
   9.3693694e-01   6.5237142e-01   9.1680933e-01
   9.3793794e-01   6.5260366e-01   9.1811561e-01
   9.3893894e-01   6.5283574e-01   9.1942236e-01
   9.3993994e-01   6.5306765e-01   9.2072957e-01
   9.4094094e-01   6.5329940e-01   9.2203724e-01
   9.4194194e-01   6.5353099e-01   9.2334538e-01
   9.4294294e-01   6.5376241e-01   9.2465398e-01
   9.4394394e-01   6.5399366e-01   9.2596305e-01
   9.4494494e-01   6.5422476e-01   9.2727258e-01
   9.4594595e-01   6.5445569e-01   9.2858257e-01
   9.4694695e-01   6.5468645e-01   9.2989302e-01
   9.4794795e-01   6.5491706e-01   9.3120393e-01
   9.4894895e-01   6.5514750e-01   9.3251531e-01
   9.4994995e-01   6.5537778e-01   9.3382715e-01
   9.5095095e-01   6.5560790e-01   9.3513944e-01
   9.5195195e-01   6.5583786e-01   9.3645220e-01
   9.5295295e-01   6.5606765e-01   9.3776542e-01
   9.5395395e-01   6.5629729e-01   9.3907910e-01
   9.5495495e-01   6.5652676e-01   9.4039324e-01
   9.5595596e-01   6.5675608e-01   9.4170784e-01
   9.5695696e-01   6.5698523e-01   9.4302289e-01
   9.5795796e-01   6.5721423e-01   9.4433841e-01
   9.5895896e-01   6.5744306e-01   9.4565438e-01
   9.5995996e-01   6.5767174e-01   9.4697081e-01
   9.6096096e-01   6.5790025e-01   9.4828770e-01
   9.6196196e-01   6.5812861e-01   9.4960505e-01
   9.6296296e-01   6.5835681e-01   9.5092285e-01
   9.6396396e-01   6.5858486e-01   9.5224111e-01
   9.6496496e-01   6.5881274e-01   9.5355983e-01
   9.6596597e-01   6.5904047e-01   9.5487900e-01
   9.6696697e-01   6.5926803e-01   9.5619863e-01
   9.6796797e-01   6.5949545e-01   9.5751871e-01
   9.6896897e-01   6.5972270e-01   9.5883925e-01
   9.6996997e-01   6.5994980e-01   9.6016024e-01
   9.7097097e-01   6.6017674e-01   9.6148169e-01
   9.7197197e-01   6.6040353e-01   9.6280359e-01
   9.7297297e-01   6.6063016e-01   9.6412595e-01
   9.7397397e-01   6.6085664e-01   9.6544876e-01
   9.7497497e-01   6.6108296e-01   9.6677202e-01
   9.7597598e-01   6.6130913e-01   9.6809574e-01
   9.7697698e-01   6.6153514e-01   9.6941990e-01
   9.7797798e-01   6.6176099e-01   9.7074453e-01
   9.7897898e-01   6.6198670e-01   9.7206960e-01
   9.7997998e-01   6.6221225e-01   9.7339512e-01
   9.8098098e-01   6.6243764e-01   9.7472110e-01
   9.8198198e-01   6.6266288e-01   9.7604753e-01
   9.8298298e-01   6.6288797e-01   9.7737440e-01
   9.8398398e-01   6.6311291e-01   9.7870173e-01
   9.8498498e-01   6.6333769e-01   9.8002951e-01
   9.8598599e-01   6.6356233e-01   9.8135774e-01
   9.8698699e-01   6.6378681e-01   9.8268642e-01
   9.8798799e-01   6.6401113e-01   9.8401554e-01
   9.8898899e-01   6.6423531e-01   9.8534512e-01
   9.8998999e-01   6.6445934e-01   9.8667514e-01
   9.9099099e-01   6.6468321e-01   9.8800562e-01
   9.9199199e-01   6.6490693e-01   9.8933654e-01
   9.9299299e-01   6.6513051e-01   9.9066791e-01
   9.9399399e-01   6.6535393e-01   9.9199972e-01
   9.9499499e-01   6.6557720e-01   9.9333199e-01
   9.9599600e-01   6.6580033e-01   9.9466470e-01
   9.9699700e-01   6.6602330e-01   9.9599785e-01
   9.9799800e-01   6.6624613e-01   9.9733146e-01
   9.9899900e-01   6.6646880e-01   9.9866551e-01
   1.0000000e+00   6.6669133e-01   1.0000000e+00
