  1000 
  0.0000000e+00   0.0000000e+00   0.0000000e+00 
  1.0010010e-03   3.0000000e-03   3.0030030e-06 
  2.0020020e-03   5.9939880e-03   1.2005994e-05 
  3.0030030e-03   8.9819639e-03   2.6996937e-05 
  4.0040040e-03   1.1963928e-02   4.7963795e-05 
  5.0050050e-03   1.4939880e-02   7.4894534e-05 
  6.0060060e-03   1.7909820e-02   1.0777712e-04 
  7.0070070e-03   2.0873747e-02   1.4659951e-04 
  8.0080080e-03   2.3831663e-02   1.9134967e-04 
  9.0090090e-03   2.6783567e-02   2.4201556e-04 
  1.0010010e-02   2.9729459e-02   2.9858516e-04 
  1.1011011e-02   3.2669339e-02   3.6104642e-04 
  1.2012012e-02   3.5603206e-02   4.2938730e-04 
  1.3013013e-02   3.8531062e-02   5.0359578e-04 
  1.4014014e-02   4.1452906e-02   5.8365981e-04 
  1.5015015e-02   4.4368737e-02   6.6956736e-04 
  1.6016016e-02   4.7278557e-02   7.6130640e-04 
  1.7017017e-02   5.0182365e-02   8.5886488e-04 
  1.8018018e-02   5.3080160e-02   9.6223077e-04 
  1.9019019e-02   5.5971944e-02   1.0713920e-03 
  2.0020020e-02   5.8857715e-02   1.1863366e-03 
  2.1021021e-02   6.1737475e-02   1.3070525e-03 
  2.2022022e-02   6.4611222e-02   1.4335277e-03 
  2.3023023e-02   6.7478958e-02   1.5657501e-03 
  2.4024024e-02   7.0340681e-02   1.7037077e-03 
  2.5025025e-02   7.3196393e-02   1.8473885e-03 
  2.6026026e-02   7.6046092e-02   1.9967803e-03 
  2.7027027e-02   7.8889780e-02   2.1518713e-03 
  2.8028028e-02   8.1727455e-02   2.3126493e-03 
  2.9029029e-02   8.4559118e-02   2.4791023e-03 
  3.0030030e-02   8.7384770e-02   2.6512184e-03 
  3.1031031e-02   9.0204409e-02   2.8289853e-03 
  3.2032032e-02   9.3018036e-02   3.0123911e-03 
  3.3033033e-02   9.5825651e-02   3.2014239e-03 
  3.4034034e-02   9.8627255e-02   3.3960714e-03 
  3.5035035e-02   1.0142285e-01   3.5963218e-03 
  3.6036036e-02   1.0421242e-01   3.8021629e-03 
  3.7037037e-02   1.0699599e-01   4.0135827e-03 
  3.8038038e-02   1.0977355e-01   4.2305692e-03 
  3.9039039e-02   1.1254509e-01   4.4531104e-03 
  4.0040040e-02   1.1531062e-01   4.6811942e-03 
  4.1041041e-02   1.1807014e-01   4.9148086e-03 
  4.2042042e-02   1.2082365e-01   5.1539415e-03 
  4.3043043e-02   1.2357114e-01   5.3985809e-03 
  4.4044044e-02   1.2631263e-01   5.6487148e-03 
  4.5045045e-02   1.2904810e-01   5.9043312e-03 
  4.6046046e-02   1.3177756e-01   6.1654179e-03 
  4.7047047e-02   1.3450100e-01   6.4319630e-03 
  4.8048048e-02   1.3721844e-01   6.7039545e-03 
  4.9049049e-02   1.3992986e-01   6.9813802e-03 
  5.0050050e-02   1.4263527e-01   7.2642282e-03 
  5.1051051e-02   1.4533467e-01   7.5524864e-03 
  5.2052052e-02   1.4802806e-01   7.8461427e-03 
  5.3053053e-02   1.5071543e-01   8.1451853e-03 
  5.4054054e-02   1.5339679e-01   8.4496019e-03 
  5.5055055e-02   1.5607214e-01   8.7593806e-03 
  5.6056056e-02   1.5874148e-01   9.0745094e-03 
  5.7057057e-02   1.6140481e-01   9.3949761e-03 
  5.8058058e-02   1.6406212e-01   9.7207689e-03 
  5.9059059e-02   1.6671343e-01   1.0051876e-02 
  6.0060060e-02   1.6935872e-01   1.0388284e-02 
  6.1061061e-02   1.7199800e-01   1.0729982e-02 
  6.2062062e-02   1.7463126e-01   1.1076959e-02 
  6.3063063e-02   1.7725852e-01   1.1429201e-02 
  6.4064064e-02   1.7987976e-01   1.1786697e-02 
  6.5065065e-02   1.8249499e-01   1.2149434e-02 
  6.6066066e-02   1.8510421e-01   1.2517401e-02 
  6.7067067e-02   1.8770741e-01   1.2890586e-02 
  6.8068068e-02   1.9030461e-01   1.3268976e-02 
  6.9069069e-02   1.9289579e-01   1.3652560e-02 
  7.0070070e-02   1.9548096e-01   1.4041326e-02 
  7.1071071e-02   1.9806012e-01   1.4435261e-02 
  7.2072072e-02   2.0063327e-01   1.4834353e-02 
  7.3073073e-02   2.0320040e-01   1.5238591e-02 
  7.4074074e-02   2.0576152e-01   1.5647963e-02 
  7.5075075e-02   2.0831663e-01   1.6062455e-02 
  7.6076076e-02   2.1086573e-01   1.6482057e-02 
  7.7077077e-02   2.1340882e-01   1.6906756e-02 
  7.8078078e-02   2.1594589e-01   1.7336541e-02 
  7.9079079e-02   2.1847695e-01   1.7771399e-02 
  8.0080080e-02   2.2100200e-01   1.8211318e-02 
  8.1081081e-02   2.2352104e-01   1.8656286e-02 
  8.2082082e-02   2.2603407e-01   1.9106291e-02 
  8.3083083e-02   2.2854108e-01   1.9561321e-02 
  8.4084084e-02   2.3104208e-01   2.0021364e-02 
  8.5085085e-02   2.3353707e-01   2.0486408e-02 
  8.6086086e-02   2.3602605e-01   2.0956441e-02 
  8.7087087e-02   2.3850902e-01   2.1431451e-02 
  8.8088088e-02   2.4098597e-01   2.1911426e-02 
  8.9089089e-02   2.4345691e-01   2.2396354e-02 
  9.0090090e-02   2.4592184e-01   2.2886223e-02 
  9.1091091e-02   2.4838076e-01   2.3381020e-02 
  9.2092092e-02   2.5083367e-01   2.3880734e-02 
  9.3093093e-02   2.5328056e-01   2.4385353e-02 
  9.4094094e-02   2.5572144e-01   2.4894865e-02 
  9.5095095e-02   2.5815631e-01   2.5409257e-02 
  9.6096096e-02   2.6058517e-01   2.5928518e-02 
  9.7097097e-02   2.6300802e-01   2.6452635e-02 
  9.8098098e-02   2.6542485e-01   2.6981597e-02 
  9.9099099e-02   2.6783567e-01   2.7515391e-02 
  1.0010010e-01   2.7024048e-01   2.8054006e-02 
  1.0110110e-01   2.7263928e-01   2.8597429e-02 
  1.0210210e-01   2.7503206e-01   2.9145649e-02 
  1.0310310e-01   2.7741884e-01   2.9698653e-02 
  1.0410410e-01   2.7979960e-01   3.0256429e-02 
  1.0510511e-01   2.8217435e-01   3.0818965e-02 
  1.0610611e-01   2.8454309e-01   3.1386250e-02 
  1.0710711e-01   2.8690581e-01   3.1958271e-02 
  1.0810811e-01   2.8926253e-01   3.2535016e-02 
  1.0910911e-01   2.9161323e-01   3.3116473e-02 
  1.1011011e-01   2.9395792e-01   3.3702630e-02 
  1.1111111e-01   2.9629659e-01   3.4293476e-02 
  1.1211211e-01   2.9862926e-01   3.4888997e-02 
  1.1311311e-01   3.0095591e-01   3.5489183e-02 
  1.1411411e-01   3.0327655e-01   3.6094020e-02 
  1.1511512e-01   3.0559118e-01   3.6703497e-02 
  1.1611612e-01   3.0789980e-01   3.7317602e-02 
  1.1711712e-01   3.1020240e-01   3.7936323e-02 
  1.1811812e-01   3.1249900e-01   3.8559648e-02 
  1.1911912e-01   3.1478958e-01   3.9187564e-02 
  1.2012012e-01   3.1707415e-01   3.9820061e-02 
  1.2112112e-01   3.1935271e-01   4.0457124e-02 
  1.2212212e-01   3.2162525e-01   4.1098744e-02 
  1.2312312e-01   3.2389178e-01   4.1744907e-02 
  1.2412412e-01   3.2615230e-01   4.2395602e-02 
  1.2512513e-01   3.2840681e-01   4.3050816e-02 
  1.2612613e-01   3.3065531e-01   4.3710538e-02 
  1.2712713e-01   3.3289780e-01   4.4374756e-02 
  1.2812813e-01   3.3513427e-01   4.5043456e-02 
  1.2912913e-01   3.3736473e-01   4.5716628e-02 
  1.3013013e-01   3.3958918e-01   4.6394260e-02 
  1.3113113e-01   3.4180762e-01   4.7076339e-02 
  1.3213213e-01   3.4402004e-01   4.7762853e-02 
  1.3313313e-01   3.4622645e-01   4.8453790e-02 
  1.3413413e-01   3.4842685e-01   4.9149139e-02 
  1.3513514e-01   3.5062124e-01   4.9848887e-02 
  1.3613614e-01   3.5280962e-01   5.0553022e-02 
  1.3713714e-01   3.5499198e-01   5.1261532e-02 
  1.3813814e-01   3.5716834e-01   5.1974405e-02 
  1.3913914e-01   3.5933868e-01   5.2691630e-02 
  1.4014014e-01   3.6150301e-01   5.3413193e-02 
  1.4114114e-01   3.6366132e-01   5.4139083e-02 
  1.4214214e-01   3.6581363e-01   5.4869288e-02 
  1.4314314e-01   3.6795992e-01   5.5603796e-02 
  1.4414414e-01   3.7010020e-01   5.6342595e-02 
  1.4514515e-01   3.7223447e-01   5.7085673e-02 
  1.4614615e-01   3.7436273e-01   5.7833017e-02 
  1.4714715e-01   3.7648497e-01   5.8584617e-02 
  1.4814815e-01   3.7860120e-01   5.9340459e-02 
  1.4914915e-01   3.8071142e-01   6.0100531e-02 
  1.5015015e-01   3.8281563e-01   6.0864823e-02 
  1.5115115e-01   3.8491383e-01   6.1633321e-02 
  1.5215215e-01   3.8700601e-01   6.2406013e-02 
  1.5315315e-01   3.8909218e-01   6.3182888e-02 
  1.5415415e-01   3.9117234e-01   6.3963934e-02 
  1.5515516e-01   3.9324649e-01   6.4749138e-02 
  1.5615616e-01   3.9531463e-01   6.5538488e-02 
  1.5715716e-01   3.9737675e-01   6.6331973e-02 
  1.5815816e-01   3.9943287e-01   6.7129580e-02 
  1.5915916e-01   4.0148297e-01   6.7931298e-02 
  1.6016016e-01   4.0352705e-01   6.8737114e-02 
  1.6116116e-01   4.0556513e-01   6.9547016e-02 
  1.6216216e-01   4.0759719e-01   7.0360992e-02 
  1.6316316e-01   4.0962325e-01   7.1179031e-02 
  1.6416416e-01   4.1164329e-01   7.2001119e-02 
  1.6516517e-01   4.1365731e-01   7.2827246e-02 
  1.6616617e-01   4.1566533e-01   7.3657399e-02 
  1.6716717e-01   4.1766733e-01   7.4491566e-02 
  1.6816817e-01   4.1966333e-01   7.5329735e-02 
  1.6916917e-01   4.2165331e-01   7.6171893e-02 
  1.7017017e-01   4.2363727e-01   7.7018030e-02 
  1.7117117e-01   4.2561523e-01   7.7868133e-02 
  1.7217217e-01   4.2758717e-01   7.8722189e-02 
  1.7317317e-01   4.2955311e-01   7.9580187e-02 
  1.7417417e-01   4.3151303e-01   8.0442115e-02 
  1.7517518e-01   4.3346693e-01   8.1307961e-02 
  1.7617618e-01   4.3541483e-01   8.2177713e-02 
  1.7717718e-01   4.3735671e-01   8.3051358e-02 
  1.7817818e-01   4.3929259e-01   8.3928885e-02 
  1.7917918e-01   4.4122244e-01   8.4810281e-02 
  1.8018018e-01   4.4314629e-01   8.5695535e-02 
  1.8118118e-01   4.4506413e-01   8.6584635e-02 
  1.8218218e-01   4.4697595e-01   8.7477568e-02 
  1.8318318e-01   4.4888176e-01   8.8374322e-02 
  1.8418418e-01   4.5078156e-01   8.9274886e-02 
  1.8518519e-01   4.5267535e-01   9.0179247e-02 
  1.8618619e-01   4.5456313e-01   9.1087394e-02 
  1.8718719e-01   4.5644489e-01   9.1999314e-02 
  1.8818819e-01   4.5832064e-01   9.2914995e-02 
  1.8918919e-01   4.6019038e-01   9.3834426e-02 
  1.9019019e-01   4.6205411e-01   9.4757593e-02 
  1.9119119e-01   4.6391182e-01   9.5684486e-02 
  1.9219219e-01   4.6576353e-01   9.6615092e-02 
  1.9319319e-01   4.6760922e-01   9.7549399e-02 
  1.9419419e-01   4.6944890e-01   9.8487395e-02 
  1.9519520e-01   4.7128257e-01   9.9429068e-02 
  1.9619620e-01   4.7311022e-01   1.0037441e-01 
  1.9719720e-01   4.7493186e-01   1.0132340e-01 
  1.9819820e-01   4.7674749e-01   1.0227603e-01 
  1.9919920e-01   4.7855711e-01   1.0323229e-01 
  2.0020020e-01   4.8036072e-01   1.0419217e-01 
  2.0120120e-01   4.8215832e-01   1.0515565e-01 
  2.0220220e-01   4.8394990e-01   1.0612273e-01 
  2.0320320e-01   4.8573547e-01   1.0709338e-01 
  2.0420420e-01   4.8751503e-01   1.0806761e-01 
  2.0520521e-01   4.8928858e-01   1.0904539e-01 
  2.0620621e-01   4.9105611e-01   1.1002671e-01 
  2.0720721e-01   4.9281764e-01   1.1101157e-01 
  2.0820821e-01   4.9457315e-01   1.1199995e-01 
  2.0920921e-01   4.9632265e-01   1.1299184e-01 
  2.1021021e-01   4.9806613e-01   1.1398722e-01 
  2.1121121e-01   4.9980361e-01   1.1498609e-01 
  2.1221221e-01   5.0153507e-01   1.1598843e-01 
  2.1321321e-01   5.0326052e-01   1.1699423e-01 
  2.1421421e-01   5.0497996e-01   1.1800348e-01 
  2.1521522e-01   5.0669339e-01   1.1901617e-01 
  2.1621622e-01   5.0840080e-01   1.2003228e-01 
  2.1721722e-01   5.1010220e-01   1.2105180e-01 
  2.1821822e-01   5.1179760e-01   1.2207473e-01 
  2.1921922e-01   5.1348697e-01   1.2310104e-01 
  2.2022022e-01   5.1517034e-01   1.2413072e-01 
  2.2122122e-01   5.1684770e-01   1.2516377e-01 
  2.2222222e-01   5.1851904e-01   1.2620018e-01 
  2.2322322e-01   5.2018437e-01   1.2723992e-01 
  2.2422422e-01   5.2184369e-01   1.2828299e-01 
  2.2522523e-01   5.2349699e-01   1.2932938e-01 
  2.2622623e-01   5.2514429e-01   1.3037907e-01 
  2.2722723e-01   5.2678557e-01   1.3143205e-01 
  2.2822823e-01   5.2842084e-01   1.3248832e-01 
  2.2922923e-01   5.3005010e-01   1.3354785e-01 
  2.3023023e-01   5.3167335e-01   1.3461063e-01 
  2.3123123e-01   5.3329058e-01   1.3567666e-01 
  2.3223223e-01   5.3490180e-01   1.3674592e-01 
  2.3323323e-01   5.3650701e-01   1.3781841e-01 
  2.3423423e-01   5.3810621e-01   1.3889409e-01 
  2.3523524e-01   5.3969940e-01   1.3997298e-01 
  2.3623624e-01   5.4128657e-01   1.4105505e-01 
  2.3723724e-01   5.4286774e-01   1.4214029e-01 
  2.3823824e-01   5.4444289e-01   1.4322869e-01 
  2.3923924e-01   5.4601202e-01   1.4432023e-01 
  2.4024024e-01   5.4757515e-01   1.4541491e-01 
  2.4124124e-01   5.4913226e-01   1.4651272e-01 
  2.4224224e-01   5.5068337e-01   1.4761364e-01 
  2.4324324e-01   5.5222846e-01   1.4871765e-01 
  2.4424424e-01   5.5376754e-01   1.4982475e-01 
  2.4524525e-01   5.5530060e-01   1.5093493e-01 
  2.4624625e-01   5.5682766e-01   1.5204817e-01 
  2.4724725e-01   5.5834870e-01   1.5316447e-01 
  2.4824825e-01   5.5986373e-01   1.5428380e-01 
  2.4924925e-01   5.6137275e-01   1.5540616e-01 
  2.5025025e-01   5.6287575e-01   1.5653153e-01 
  2.5125125e-01   5.6437275e-01   1.5765991e-01 
  2.5225225e-01   5.6586373e-01   1.5879128e-01 
  2.5325325e-01   5.6734870e-01   1.5992562e-01 
  2.5425425e-01   5.6882766e-01   1.6106294e-01 
  2.5525526e-01   5.7030060e-01   1.6220321e-01 
  2.5625626e-01   5.7176754e-01   1.6334642e-01 
  2.5725726e-01   5.7322846e-01   1.6449256e-01 
  2.5825826e-01   5.7468337e-01   1.6564162e-01 
  2.5925926e-01   5.7613226e-01   1.6679359e-01 
  2.6026026e-01   5.7757515e-01   1.6794845e-01 
  2.6126126e-01   5.7901202e-01   1.6910619e-01 
  2.6226226e-01   5.8044289e-01   1.7026681e-01 
  2.6326326e-01   5.8186774e-01   1.7143028e-01 
  2.6426426e-01   5.8328657e-01   1.7259660e-01 
  2.6526527e-01   5.8469940e-01   1.7376576e-01 
  2.6626627e-01   5.8610621e-01   1.7493774e-01 
  2.6726727e-01   5.8750701e-01   1.7611253e-01 
  2.6826827e-01   5.8890180e-01   1.7729011e-01 
  2.6926927e-01   5.9029058e-01   1.7847048e-01 
  2.7027027e-01   5.9167335e-01   1.7965363e-01 
  2.7127127e-01   5.9305010e-01   1.8083954e-01 
  2.7227227e-01   5.9442084e-01   1.8202820e-01 
  2.7327327e-01   5.9578557e-01   1.8321960e-01 
  2.7427427e-01   5.9714429e-01   1.8441372e-01 
  2.7527528e-01   5.9849699e-01   1.8561056e-01 
  2.7627628e-01   5.9984369e-01   1.8681010e-01 
  2.7727728e-01   6.0118437e-01   1.8801233e-01 
  2.7827828e-01   6.0251904e-01   1.8921724e-01 
  2.7927928e-01   6.0384770e-01   1.9042481e-01 
  2.8028028e-01   6.0517034e-01   1.9163504e-01 
  2.8128128e-01   6.0648697e-01   1.9284791e-01 
  2.8228228e-01   6.0779760e-01   1.9406341e-01 
  2.8328328e-01   6.0910220e-01   1.9528153e-01 
  2.8428428e-01   6.1040080e-01   1.9650225e-01 
  2.8528529e-01   6.1169339e-01   1.9772557e-01 
  2.8628629e-01   6.1297996e-01   1.9895147e-01 
  2.8728729e-01   6.1426052e-01   2.0017994e-01 
  2.8828829e-01   6.1553507e-01   2.0141097e-01 
  2.8928929e-01   6.1680361e-01   2.0264454e-01 
  2.9029029e-01   6.1806613e-01   2.0388064e-01 
  2.9129129e-01   6.1932265e-01   2.0511927e-01 
  2.9229229e-01   6.2057315e-01   2.0636041e-01 
  2.9329329e-01   6.2181764e-01   2.0760404e-01 
  2.9429429e-01   6.2305611e-01   2.0885016e-01 
  2.9529530e-01   6.2428858e-01   2.1009876e-01 
  2.9629630e-01   6.2551503e-01   2.1134981e-01 
  2.9729730e-01   6.2673547e-01   2.1260331e-01 
  2.9829830e-01   6.2794990e-01   2.1385926e-01 
  2.9929930e-01   6.2915832e-01   2.1511762e-01 
  3.0030030e-01   6.3036072e-01   2.1637840e-01 
  3.0130130e-01   6.3155711e-01   2.1764158e-01 
  3.0230230e-01   6.3274749e-01   2.1890715e-01 
  3.0330330e-01   6.3393186e-01   2.2017510e-01 
  3.0430430e-01   6.3511022e-01   2.2144541e-01 
  3.0530531e-01   6.3628257e-01   2.2271808e-01 
  3.0630631e-01   6.3744890e-01   2.2399309e-01 
  3.0730731e-01   6.3860922e-01   2.2527042e-01 
  3.0830831e-01   6.3976353e-01   2.2655007e-01 
  3.0930931e-01   6.4091182e-01   2.2783203e-01 
  3.1031031e-01   6.4205411e-01   2.2911628e-01 
  3.1131131e-01   6.4319038e-01   2.3040281e-01 
  3.1231231e-01   6.4432064e-01   2.3169161e-01 
  3.1331331e-01   6.4544489e-01   2.3298267e-01 
  3.1431431e-01   6.4656313e-01   2.3427597e-01 
  3.1531532e-01   6.4767535e-01   2.3557150e-01 
  3.1631632e-01   6.4878156e-01   2.3686926e-01 
  3.1731732e-01   6.4988176e-01   2.3816922e-01 
  3.1831832e-01   6.5097595e-01   2.3947138e-01 
  3.1931932e-01   6.5206413e-01   2.4077573e-01 
  3.2032032e-01   6.5314629e-01   2.4208224e-01 
  3.2132132e-01   6.5422244e-01   2.4339092e-01 
  3.2232232e-01   6.5529259e-01   2.4470175e-01 
  3.2332332e-01   6.5635671e-01   2.4601471e-01 
  3.2432432e-01   6.5741483e-01   2.4732979e-01 
  3.2532533e-01   6.5846693e-01   2.4864699e-01 
  3.2632633e-01   6.5951303e-01   2.4996629e-01 
  3.2732733e-01   6.6055311e-01   2.5128768e-01 
  3.2832833e-01   6.6158717e-01   2.5261114e-01 
  3.2932933e-01   6.6261523e-01   2.5393667e-01 
  3.3033033e-01   6.6363727e-01   2.5526425e-01 
  3.3133133e-01   6.6465331e-01   2.5659387e-01 
  3.3233233e-01   6.6566333e-01   2.5792552e-01 
  3.3333333e-01   6.6666733e-01   2.5925919e-01 
  3.3433433e-01   6.6766533e-01   2.6059485e-01 
  3.3533534e-01   6.6865731e-01   2.6193251e-01 
  3.3633634e-01   6.6964329e-01   2.6327215e-01 
  3.3733734e-01   6.7062325e-01   2.6461376e-01 
  3.3833834e-01   6.7159719e-01   2.6595733e-01 
  3.3933934e-01   6.7256513e-01   2.6730283e-01 
  3.4034034e-01   6.7352705e-01   2.6865027e-01 
  3.4134134e-01   6.7448297e-01   2.6999963e-01 
  3.4234234e-01   6.7543287e-01   2.7135090e-01 
  3.4334334e-01   6.7637675e-01   2.7270406e-01 
  3.4434434e-01   6.7731463e-01   2.7405911e-01 
  3.4534535e-01   6.7824649e-01   2.7541603e-01 
  3.4634635e-01   6.7917234e-01   2.7677480e-01 
  3.4734735e-01   6.8009218e-01   2.7813543e-01 
  3.4834835e-01   6.8100601e-01   2.7949789e-01 
  3.4934935e-01   6.8191383e-01   2.8086217e-01 
  3.5035035e-01   6.8281563e-01   2.8222827e-01 
  3.5135135e-01   6.8371142e-01   2.8359617e-01 
  3.5235235e-01   6.8460120e-01   2.8496585e-01 
  3.5335335e-01   6.8548497e-01   2.8633731e-01 
  3.5435435e-01   6.8636273e-01   2.8771053e-01 
  3.5535536e-01   6.8723447e-01   2.8908550e-01 
  3.5635636e-01   6.8810020e-01   2.9046221e-01 
  3.5735736e-01   6.8895992e-01   2.9184065e-01 
  3.5835836e-01   6.8981363e-01   2.9322080e-01 
  3.5935936e-01   6.9066132e-01   2.9460266e-01 
  3.6036036e-01   6.9150301e-01   2.9598621e-01 
  3.6136136e-01   6.9233868e-01   2.9737143e-01 
  3.6236236e-01   6.9316834e-01   2.9875833e-01 
  3.6336336e-01   6.9399198e-01   3.0014688e-01 
  3.6436436e-01   6.9480962e-01   3.0153707e-01 
  3.6536537e-01   6.9562124e-01   3.0292889e-01 
  3.6636637e-01   6.9642685e-01   3.0432233e-01 
  3.6736737e-01   6.9722645e-01   3.0571738e-01 
  3.6836837e-01   6.9802004e-01   3.0711402e-01 
  3.6936937e-01   6.9880762e-01   3.0851225e-01 
  3.7037037e-01   6.9958918e-01   3.0991205e-01 
  3.7137137e-01   7.0036473e-01   3.1131340e-01 
  3.7237237e-01   7.0113427e-01   3.1271630e-01 
  3.7337337e-01   7.0189780e-01   3.1412074e-01 
  3.7437437e-01   7.0265531e-01   3.1552670e-01 
  3.7537538e-01   7.0340681e-01   3.1693417e-01 
  3.7637638e-01   7.0415230e-01   3.1834314e-01 
  3.7737738e-01   7.0489178e-01   3.1975359e-01 
  3.7837838e-01   7.0562525e-01   3.2116552e-01 
  3.7937938e-01   7.0635271e-01   3.2257891e-01 
  3.8038038e-01   7.0707415e-01   3.2399375e-01 
  3.8138138e-01   7.0778958e-01   3.2541003e-01 
  3.8238238e-01   7.0849900e-01   3.2682774e-01 
  3.8338338e-01   7.0920240e-01   3.2824686e-01 
  3.8438438e-01   7.0989980e-01   3.2966738e-01 
  3.8538539e-01   7.1059118e-01   3.3108930e-01 
  3.8638639e-01   7.1127655e-01   3.3251259e-01 
  3.8738739e-01   7.1195591e-01   3.3393724e-01 
  3.8838839e-01   7.1262926e-01   3.3536326e-01 
  3.8938939e-01   7.1329659e-01   3.3679061e-01 
  3.9039039e-01   7.1395792e-01   3.3821929e-01 
  3.9139139e-01   7.1461323e-01   3.3964929e-01 
  3.9239239e-01   7.1526253e-01   3.4108060e-01 
  3.9339339e-01   7.1590581e-01   3.4251320e-01 
  3.9439439e-01   7.1654309e-01   3.4394708e-01 
  3.9539540e-01   7.1717435e-01   3.4538224e-01 
  3.9639640e-01   7.1779960e-01   3.4681865e-01 
  3.9739740e-01   7.1841884e-01   3.4825630e-01 
  3.9839840e-01   7.1903206e-01   3.4969519e-01 
  3.9939940e-01   7.1963928e-01   3.5113530e-01 
  4.0040040e-01   7.2024048e-01   3.5257662e-01 
  4.0140140e-01   7.2083567e-01   3.5401914e-01 
  4.0240240e-01   7.2142485e-01   3.5546285e-01 
  4.0340340e-01   7.2200802e-01   3.5690773e-01 
  4.0440440e-01   7.2258517e-01   3.5835376e-01 
  4.0540541e-01   7.2315631e-01   3.5980095e-01 
  4.0640641e-01   7.2372144e-01   3.6124928e-01 
  4.0740741e-01   7.2428056e-01   3.6269873e-01 
  4.0840841e-01   7.2483367e-01   3.6414930e-01 
  4.0940941e-01   7.2538076e-01   3.6560096e-01 
  4.1041041e-01   7.2592184e-01   3.6705372e-01 
  4.1141141e-01   7.2645691e-01   3.6850755e-01 
  4.1241241e-01   7.2698597e-01   3.6996245e-01 
  4.1341341e-01   7.2750902e-01   3.7141840e-01 
  4.1441441e-01   7.2802605e-01   3.7287539e-01 
  4.1541542e-01   7.2853707e-01   3.7433341e-01 
  4.1641642e-01   7.2904208e-01   3.7579245e-01 
  4.1741742e-01   7.2954108e-01   3.7725249e-01 
  4.1841842e-01   7.3003407e-01   3.7871353e-01 
  4.1941942e-01   7.3052104e-01   3.8017555e-01 
  4.2042042e-01   7.3100200e-01   3.8163853e-01 
  4.2142142e-01   7.3147695e-01   3.8310248e-01 
  4.2242242e-01   7.3194589e-01   3.8456736e-01 
  4.2342342e-01   7.3240882e-01   3.8603318e-01 
  4.2442442e-01   7.3286573e-01   3.8749992e-01 
  4.2542543e-01   7.3331663e-01   3.8896757e-01 
  4.2642643e-01   7.3376152e-01   3.9043612e-01 
  4.2742743e-01   7.3420040e-01   3.9190555e-01 
  4.2842843e-01   7.3463327e-01   3.9337586e-01 
  4.2942943e-01   7.3506012e-01   3.9484702e-01 
  4.3043043e-01   7.3548096e-01   3.9631903e-01 
  4.3143143e-01   7.3589579e-01   3.9779188e-01 
  4.3243243e-01   7.3630461e-01   3.9926556e-01 
  4.3343343e-01   7.3670741e-01   4.0074004e-01 
  4.3443443e-01   7.3710421e-01   4.0221533e-01 
  4.3543544e-01   7.3749499e-01   4.0369141e-01 
  4.3643644e-01   7.3787976e-01   4.0516826e-01 
  4.3743744e-01   7.3825852e-01   4.0664587e-01 
  4.3843844e-01   7.3863126e-01   4.0812424e-01 
  4.3943944e-01   7.3899800e-01   4.0960335e-01 
  4.4044044e-01   7.3935872e-01   4.1108319e-01 
  4.4144144e-01   7.3971343e-01   4.1256374e-01 
  4.4244244e-01   7.4006212e-01   4.1404500e-01 
  4.4344344e-01   7.4040481e-01   4.1552695e-01 
  4.4444444e-01   7.4074148e-01   4.1700957e-01 
  4.4544545e-01   7.4107214e-01   4.1849287e-01 
  4.4644645e-01   7.4139679e-01   4.1997682e-01 
  4.4744745e-01   7.4171543e-01   4.2146142e-01 
  4.4844845e-01   7.4202806e-01   4.2294665e-01 
  4.4944945e-01   7.4233467e-01   4.2443250e-01 
  4.5045045e-01   7.4263527e-01   4.2591896e-01 
  4.5145145e-01   7.4292986e-01   4.2740601e-01 
  4.5245245e-01   7.4321844e-01   4.2889364e-01 
  4.5345345e-01   7.4350100e-01   4.3038185e-01 
  4.5445445e-01   7.4377756e-01   4.3187062e-01 
  4.5545546e-01   7.4404810e-01   4.3335993e-01 
  4.5645646e-01   7.4431263e-01   4.3484978e-01 
  4.5745746e-01   7.4457114e-01   4.3634016e-01 
  4.5845846e-01   7.4482365e-01   4.3783104e-01 
  4.5945946e-01   7.4507014e-01   4.3932243e-01 
  4.6046046e-01   7.4531062e-01   4.4081430e-01 
  4.6146146e-01   7.4554509e-01   4.4230665e-01 
  4.6246246e-01   7.4577355e-01   4.4379946e-01 
  4.6346346e-01   7.4599599e-01   4.4529272e-01 
  4.6446446e-01   7.4621242e-01   4.4678643e-01 
  4.6546547e-01   7.4642285e-01   4.4828056e-01 
  4.6646647e-01   7.4662725e-01   4.4977510e-01 
  4.6746747e-01   7.4682565e-01   4.5127005e-01 
  4.6846847e-01   7.4701804e-01   4.5276539e-01 
  4.6946947e-01   7.4720441e-01   4.5426110e-01 
  4.7047047e-01   7.4738477e-01   4.5575719e-01 
  4.7147147e-01   7.4755912e-01   4.5725363e-01 
  4.7247247e-01   7.4772745e-01   4.5875041e-01 
  4.7347347e-01   7.4788978e-01   4.6024753e-01 
  4.7447447e-01   7.4804609e-01   4.6174496e-01 
  4.7547548e-01   7.4819639e-01   4.6324270e-01 
  4.7647648e-01   7.4834068e-01   4.6474074e-01 
  4.7747748e-01   7.4847896e-01   4.6623905e-01 
  4.7847848e-01   7.4861122e-01   4.6773764e-01 
  4.7947948e-01   7.4873747e-01   4.6923649e-01 
  4.8048048e-01   7.4885772e-01   4.7073559e-01 
  4.8148148e-01   7.4897194e-01   4.7223491e-01 
  4.8248248e-01   7.4908016e-01   4.7373447e-01 
  4.8348348e-01   7.4918236e-01   4.7523423e-01 
  4.8448448e-01   7.4927856e-01   4.7673419e-01 
  4.8548549e-01   7.4936874e-01   4.7823434e-01 
  4.8648649e-01   7.4945291e-01   4.7973466e-01 
  4.8748749e-01   7.4953106e-01   4.8123514e-01 
  4.8848849e-01   7.4960321e-01   4.8273578e-01 
  4.8948949e-01   7.4966934e-01   4.8423655e-01 
  4.9049049e-01   7.4972946e-01   4.8573745e-01 
  4.9149149e-01   7.4978357e-01   4.8723846e-01 
  4.9249249e-01   7.4983166e-01   4.8873958e-01 
  4.9349349e-01   7.4987375e-01   4.9024079e-01 
  4.9449449e-01   7.4990982e-01   4.9174207e-01 
  4.9549550e-01   7.4993988e-01   4.9324342e-01 
  4.9649650e-01   7.4996393e-01   4.9474483e-01 
  4.9749750e-01   7.4998196e-01   4.9624628e-01 
  4.9849850e-01   7.4999399e-01   4.9774775e-01 
  4.9949950e-01   7.5000000e-01   4.9924925e-01 
  5.0050050e-01   7.5000000e-01   5.0075075e-01 
  5.0150150e-01   7.4999399e-01   5.0225225e-01 
  5.0250250e-01   7.4998196e-01   5.0375372e-01 
  5.0350350e-01   7.4996393e-01   5.0525517e-01 
  5.0450450e-01   7.4993988e-01   5.0675658e-01 
  5.0550551e-01   7.4990982e-01   5.0825793e-01 
  5.0650651e-01   7.4987375e-01   5.0975921e-01 
  5.0750751e-01   7.4983166e-01   5.1126042e-01 
  5.0850851e-01   7.4978357e-01   5.1276154e-01 
  5.0950951e-01   7.4972946e-01   5.1426255e-01 
  5.1051051e-01   7.4966934e-01   5.1576345e-01 
  5.1151151e-01   7.4960321e-01   5.1726422e-01 
  5.1251251e-01   7.4953106e-01   5.1876486e-01 
  5.1351351e-01   7.4945291e-01   5.2026534e-01 
  5.1451451e-01   7.4936874e-01   5.2176566e-01 
  5.1551552e-01   7.4927856e-01   5.2326581e-01 
  5.1651652e-01   7.4918236e-01   5.2476577e-01 
  5.1751752e-01   7.4908016e-01   5.2626553e-01 
  5.1851852e-01   7.4897194e-01   5.2776509e-01 
  5.1951952e-01   7.4885772e-01   5.2926441e-01 
  5.2052052e-01   7.4873747e-01   5.3076351e-01 
  5.2152152e-01   7.4861122e-01   5.3226236e-01 
  5.2252252e-01   7.4847896e-01   5.3376095e-01 
  5.2352352e-01   7.4834068e-01   5.3525926e-01 
  5.2452452e-01   7.4819639e-01   5.3675730e-01 
  5.2552553e-01   7.4804609e-01   5.3825504e-01 
  5.2652653e-01   7.4788978e-01   5.3975247e-01 
  5.2752753e-01   7.4772745e-01   5.4124959e-01 
  5.2852853e-01   7.4755912e-01   5.4274637e-01 
  5.2952953e-01   7.4738477e-01   5.4424281e-01 
  5.3053053e-01   7.4720441e-01   5.4573890e-01 
  5.3153153e-01   7.4701804e-01   5.4723461e-01 
  5.3253253e-01   7.4682565e-01   5.4872995e-01 
  5.3353353e-01   7.4662725e-01   5.5022490e-01 
  5.3453453e-01   7.4642285e-01   5.5171944e-01 
  5.3553554e-01   7.4621242e-01   5.5321357e-01 
  5.3653654e-01   7.4599599e-01   5.5470728e-01 
  5.3753754e-01   7.4577355e-01   5.5620054e-01 
  5.3853854e-01   7.4554509e-01   5.5769335e-01 
  5.3953954e-01   7.4531062e-01   5.5918570e-01 
  5.4054054e-01   7.4507014e-01   5.6067757e-01 
  5.4154154e-01   7.4482365e-01   5.6216896e-01 
  5.4254254e-01   7.4457114e-01   5.6365984e-01 
  5.4354354e-01   7.4431263e-01   5.6515022e-01 
  5.4454454e-01   7.4404810e-01   5.6664007e-01 
  5.4554555e-01   7.4377756e-01   5.6812938e-01 
  5.4654655e-01   7.4350100e-01   5.6961815e-01 
  5.4754755e-01   7.4321844e-01   5.7110636e-01 
  5.4854855e-01   7.4292986e-01   5.7259399e-01 
  5.4954955e-01   7.4263527e-01   5.7408104e-01 
  5.5055055e-01   7.4233467e-01   5.7556750e-01 
  5.5155155e-01   7.4202806e-01   5.7705335e-01 
  5.5255255e-01   7.4171543e-01   5.7853858e-01 
  5.5355355e-01   7.4139679e-01   5.8002318e-01 
  5.5455455e-01   7.4107214e-01   5.8150713e-01 
  5.5555556e-01   7.4074148e-01   5.8299043e-01 
  5.5655656e-01   7.4040481e-01   5.8447305e-01 
  5.5755756e-01   7.4006212e-01   5.8595500e-01 
  5.5855856e-01   7.3971343e-01   5.8743626e-01 
  5.5955956e-01   7.3935872e-01   5.8891681e-01 
  5.6056056e-01   7.3899800e-01   5.9039665e-01 
  5.6156156e-01   7.3863126e-01   5.9187576e-01 
  5.6256256e-01   7.3825852e-01   5.9335413e-01 
  5.6356356e-01   7.3787976e-01   5.9483174e-01 
  5.6456456e-01   7.3749499e-01   5.9630859e-01 
  5.6556557e-01   7.3710421e-01   5.9778467e-01 
  5.6656657e-01   7.3670741e-01   5.9925996e-01 
  5.6756757e-01   7.3630461e-01   6.0073444e-01 
  5.6856857e-01   7.3589579e-01   6.0220812e-01 
  5.6956957e-01   7.3548096e-01   6.0368097e-01 
  5.7057057e-01   7.3506012e-01   6.0515298e-01 
  5.7157157e-01   7.3463327e-01   6.0662414e-01 
  5.7257257e-01   7.3420040e-01   6.0809445e-01 
  5.7357357e-01   7.3376152e-01   6.0956388e-01 
  5.7457457e-01   7.3331663e-01   6.1103243e-01 
  5.7557558e-01   7.3286573e-01   6.1250008e-01 
  5.7657658e-01   7.3240882e-01   6.1396682e-01 
  5.7757758e-01   7.3194589e-01   6.1543264e-01 
  5.7857858e-01   7.3147695e-01   6.1689752e-01 
  5.7957958e-01   7.3100200e-01   6.1836147e-01 
  5.8058058e-01   7.3052104e-01   6.1982445e-01 
  5.8158158e-01   7.3003407e-01   6.2128647e-01 
  5.8258258e-01   7.2954108e-01   6.2274751e-01 
  5.8358358e-01   7.2904208e-01   6.2420755e-01 
  5.8458458e-01   7.2853707e-01   6.2566659e-01 
  5.8558559e-01   7.2802605e-01   6.2712461e-01 
  5.8658659e-01   7.2750902e-01   6.2858160e-01 
  5.8758759e-01   7.2698597e-01   6.3003755e-01 
  5.8858859e-01   7.2645691e-01   6.3149245e-01 
  5.8958959e-01   7.2592184e-01   6.3294628e-01 
  5.9059059e-01   7.2538076e-01   6.3439904e-01 
  5.9159159e-01   7.2483367e-01   6.3585070e-01 
  5.9259259e-01   7.2428056e-01   6.3730127e-01 
  5.9359359e-01   7.2372144e-01   6.3875072e-01 
  5.9459459e-01   7.2315631e-01   6.4019905e-01 
  5.9559560e-01   7.2258517e-01   6.4164624e-01 
  5.9659660e-01   7.2200802e-01   6.4309227e-01 
  5.9759760e-01   7.2142485e-01   6.4453715e-01 
  5.9859860e-01   7.2083567e-01   6.4598086e-01 
  5.9959960e-01   7.2024048e-01   6.4742338e-01 
  6.0060060e-01   7.1963928e-01   6.4886470e-01 
  6.0160160e-01   7.1903206e-01   6.5030481e-01 
  6.0260260e-01   7.1841884e-01   6.5174370e-01 
  6.0360360e-01   7.1779960e-01   6.5318135e-01 
  6.0460460e-01   7.1717435e-01   6.5461776e-01 
  6.0560561e-01   7.1654309e-01   6.5605292e-01 
  6.0660661e-01   7.1590581e-01   6.5748680e-01 
  6.0760761e-01   7.1526253e-01   6.5891940e-01 
  6.0860861e-01   7.1461323e-01   6.6035071e-01 
  6.0960961e-01   7.1395792e-01   6.6178071e-01 
  6.1061061e-01   7.1329659e-01   6.6320939e-01 
  6.1161161e-01   7.1262926e-01   6.6463674e-01 
  6.1261261e-01   7.1195591e-01   6.6606276e-01 
  6.1361361e-01   7.1127655e-01   6.6748741e-01 
  6.1461461e-01   7.1059118e-01   6.6891070e-01 
  6.1561562e-01   7.0989980e-01   6.7033262e-01 
  6.1661662e-01   7.0920240e-01   6.7175314e-01 
  6.1761762e-01   7.0849900e-01   6.7317226e-01 
  6.1861862e-01   7.0778958e-01   6.7458997e-01 
  6.1961962e-01   7.0707415e-01   6.7600625e-01 
  6.2062062e-01   7.0635271e-01   6.7742109e-01 
  6.2162162e-01   7.0562525e-01   6.7883448e-01 
  6.2262262e-01   7.0489178e-01   6.8024641e-01 
  6.2362362e-01   7.0415230e-01   6.8165686e-01 
  6.2462462e-01   7.0340681e-01   6.8306583e-01 
  6.2562563e-01   7.0265531e-01   6.8447330e-01 
  6.2662663e-01   7.0189780e-01   6.8587926e-01 
  6.2762763e-01   7.0113427e-01   6.8728370e-01 
  6.2862863e-01   7.0036473e-01   6.8868660e-01 
  6.2962963e-01   6.9958918e-01   6.9008795e-01 
  6.3063063e-01   6.9880762e-01   6.9148775e-01 
  6.3163163e-01   6.9802004e-01   6.9288598e-01 
  6.3263263e-01   6.9722645e-01   6.9428262e-01 
  6.3363363e-01   6.9642685e-01   6.9567767e-01 
  6.3463463e-01   6.9562124e-01   6.9707111e-01 
  6.3563564e-01   6.9480962e-01   6.9846293e-01 
  6.3663664e-01   6.9399198e-01   6.9985312e-01 
  6.3763764e-01   6.9316834e-01   7.0124167e-01 
  6.3863864e-01   6.9233868e-01   7.0262857e-01 
  6.3963964e-01   6.9150301e-01   7.0401379e-01 
  6.4064064e-01   6.9066132e-01   7.0539734e-01 
  6.4164164e-01   6.8981363e-01   7.0677920e-01 
  6.4264264e-01   6.8895992e-01   7.0815935e-01 
  6.4364364e-01   6.8810020e-01   7.0953779e-01 
  6.4464464e-01   6.8723447e-01   7.1091450e-01 
  6.4564565e-01   6.8636273e-01   7.1228947e-01 
  6.4664665e-01   6.8548497e-01   7.1366269e-01 
  6.4764765e-01   6.8460120e-01   7.1503415e-01 
  6.4864865e-01   6.8371142e-01   7.1640383e-01 
  6.4964965e-01   6.8281563e-01   7.1777173e-01 
  6.5065065e-01   6.8191383e-01   7.1913783e-01 
  6.5165165e-01   6.8100601e-01   7.2050211e-01 
  6.5265265e-01   6.8009218e-01   7.2186457e-01 
  6.5365365e-01   6.7917234e-01   7.2322520e-01 
  6.5465465e-01   6.7824649e-01   7.2458397e-01 
  6.5565566e-01   6.7731463e-01   7.2594089e-01 
  6.5665666e-01   6.7637675e-01   7.2729594e-01 
  6.5765766e-01   6.7543287e-01   7.2864910e-01 
  6.5865866e-01   6.7448297e-01   7.3000037e-01 
  6.5965966e-01   6.7352705e-01   7.3134973e-01 
  6.6066066e-01   6.7256513e-01   7.3269717e-01 
  6.6166166e-01   6.7159719e-01   7.3404267e-01 
  6.6266266e-01   6.7062325e-01   7.3538624e-01 
  6.6366366e-01   6.6964329e-01   7.3672785e-01 
  6.6466466e-01   6.6865731e-01   7.3806749e-01 
  6.6566567e-01   6.6766533e-01   7.3940515e-01 
  6.6666667e-01   6.6666733e-01   7.4074081e-01 
  6.6766767e-01   6.6566333e-01   7.4207448e-01 
  6.6866867e-01   6.6465331e-01   7.4340613e-01 
  6.6966967e-01   6.6363727e-01   7.4473575e-01 
  6.7067067e-01   6.6261523e-01   7.4606333e-01 
  6.7167167e-01   6.6158717e-01   7.4738886e-01 
  6.7267267e-01   6.6055311e-01   7.4871232e-01 
  6.7367367e-01   6.5951303e-01   7.5003371e-01 
  6.7467467e-01   6.5846693e-01   7.5135301e-01 
  6.7567568e-01   6.5741483e-01   7.5267021e-01 
  6.7667668e-01   6.5635671e-01   7.5398529e-01 
  6.7767768e-01   6.5529259e-01   7.5529825e-01 
  6.7867868e-01   6.5422244e-01   7.5660908e-01 
  6.7967968e-01   6.5314629e-01   7.5791776e-01 
  6.8068068e-01   6.5206413e-01   7.5922427e-01 
  6.8168168e-01   6.5097595e-01   7.6052862e-01 
  6.8268268e-01   6.4988176e-01   7.6183078e-01 
  6.8368368e-01   6.4878156e-01   7.6313074e-01 
  6.8468468e-01   6.4767535e-01   7.6442850e-01 
  6.8568569e-01   6.4656313e-01   7.6572403e-01 
  6.8668669e-01   6.4544489e-01   7.6701733e-01 
  6.8768769e-01   6.4432064e-01   7.6830839e-01 
  6.8868869e-01   6.4319038e-01   7.6959719e-01 
  6.8968969e-01   6.4205411e-01   7.7088372e-01 
  6.9069069e-01   6.4091182e-01   7.7216797e-01 
  6.9169169e-01   6.3976353e-01   7.7344993e-01 
  6.9269269e-01   6.3860922e-01   7.7472958e-01 
  6.9369369e-01   6.3744890e-01   7.7600691e-01 
  6.9469469e-01   6.3628257e-01   7.7728192e-01 
  6.9569570e-01   6.3511022e-01   7.7855459e-01 
  6.9669670e-01   6.3393186e-01   7.7982490e-01 
  6.9769770e-01   6.3274749e-01   7.8109285e-01 
  6.9869870e-01   6.3155711e-01   7.8235842e-01 
  6.9969970e-01   6.3036072e-01   7.8362160e-01 
  7.0070070e-01   6.2915832e-01   7.8488238e-01 
  7.0170170e-01   6.2794990e-01   7.8614074e-01 
  7.0270270e-01   6.2673547e-01   7.8739669e-01 
  7.0370370e-01   6.2551503e-01   7.8865019e-01 
  7.0470470e-01   6.2428858e-01   7.8990124e-01 
  7.0570571e-01   6.2305611e-01   7.9114984e-01 
  7.0670671e-01   6.2181764e-01   7.9239596e-01 
  7.0770771e-01   6.2057315e-01   7.9363959e-01 
  7.0870871e-01   6.1932265e-01   7.9488073e-01 
  7.0970971e-01   6.1806613e-01   7.9611936e-01 
  7.1071071e-01   6.1680361e-01   7.9735546e-01 
  7.1171171e-01   6.1553507e-01   7.9858903e-01 
  7.1271271e-01   6.1426052e-01   7.9982006e-01 
  7.1371371e-01   6.1297996e-01   8.0104853e-01 
  7.1471471e-01   6.1169339e-01   8.0227443e-01 
  7.1571572e-01   6.1040080e-01   8.0349775e-01 
  7.1671672e-01   6.0910220e-01   8.0471847e-01 
  7.1771772e-01   6.0779760e-01   8.0593659e-01 
  7.1871872e-01   6.0648697e-01   8.0715209e-01 
  7.1971972e-01   6.0517034e-01   8.0836496e-01 
  7.2072072e-01   6.0384770e-01   8.0957519e-01 
  7.2172172e-01   6.0251904e-01   8.1078276e-01 
  7.2272272e-01   6.0118437e-01   8.1198767e-01 
  7.2372372e-01   5.9984369e-01   8.1318990e-01 
  7.2472472e-01   5.9849699e-01   8.1438944e-01 
  7.2572573e-01   5.9714429e-01   8.1558628e-01 
  7.2672673e-01   5.9578557e-01   8.1678040e-01 
  7.2772773e-01   5.9442084e-01   8.1797180e-01 
  7.2872873e-01   5.9305010e-01   8.1916046e-01 
  7.2972973e-01   5.9167335e-01   8.2034637e-01 
  7.3073073e-01   5.9029058e-01   8.2152952e-01 
  7.3173173e-01   5.8890180e-01   8.2270989e-01 
  7.3273273e-01   5.8750701e-01   8.2388747e-01 
  7.3373373e-01   5.8610621e-01   8.2506226e-01 
  7.3473473e-01   5.8469940e-01   8.2623424e-01 
  7.3573574e-01   5.8328657e-01   8.2740340e-01 
  7.3673674e-01   5.8186774e-01   8.2856972e-01 
  7.3773774e-01   5.8044289e-01   8.2973319e-01 
  7.3873874e-01   5.7901202e-01   8.3089381e-01 
  7.3973974e-01   5.7757515e-01   8.3205155e-01 
  7.4074074e-01   5.7613226e-01   8.3320641e-01 
  7.4174174e-01   5.7468337e-01   8.3435838e-01 
  7.4274274e-01   5.7322846e-01   8.3550744e-01 
  7.4374374e-01   5.7176754e-01   8.3665358e-01 
  7.4474474e-01   5.7030060e-01   8.3779679e-01 
  7.4574575e-01   5.6882766e-01   8.3893706e-01 
  7.4674675e-01   5.6734870e-01   8.4007438e-01 
  7.4774775e-01   5.6586373e-01   8.4120872e-01 
  7.4874875e-01   5.6437275e-01   8.4234009e-01 
  7.4974975e-01   5.6287575e-01   8.4346847e-01 
  7.5075075e-01   5.6137275e-01   8.4459384e-01 
  7.5175175e-01   5.5986373e-01   8.4571620e-01 
  7.5275275e-01   5.5834870e-01   8.4683553e-01 
  7.5375375e-01   5.5682766e-01   8.4795183e-01 
  7.5475475e-01   5.5530060e-01   8.4906507e-01 
  7.5575576e-01   5.5376754e-01   8.5017525e-01 
  7.5675676e-01   5.5222846e-01   8.5128235e-01 
  7.5775776e-01   5.5068337e-01   8.5238636e-01 
  7.5875876e-01   5.4913226e-01   8.5348728e-01 
  7.5975976e-01   5.4757515e-01   8.5458509e-01 
  7.6076076e-01   5.4601202e-01   8.5567977e-01 
  7.6176176e-01   5.4444289e-01   8.5677131e-01 
  7.6276276e-01   5.4286774e-01   8.5785971e-01 
  7.6376376e-01   5.4128657e-01   8.5894495e-01 
  7.6476476e-01   5.3969940e-01   8.6002702e-01 
  7.6576577e-01   5.3810621e-01   8.6110591e-01 
  7.6676677e-01   5.3650701e-01   8.6218159e-01 
  7.6776777e-01   5.3490180e-01   8.6325408e-01 
  7.6876877e-01   5.3329058e-01   8.6432334e-01 
  7.6976977e-01   5.3167335e-01   8.6538937e-01 
  7.7077077e-01   5.3005010e-01   8.6645215e-01 
  7.7177177e-01   5.2842084e-01   8.6751168e-01 
  7.7277277e-01   5.2678557e-01   8.6856795e-01 
  7.7377377e-01   5.2514429e-01   8.6962093e-01 
  7.7477477e-01   5.2349699e-01   8.7067062e-01 
  7.7577578e-01   5.2184369e-01   8.7171701e-01 
  7.7677678e-01   5.2018437e-01   8.7276008e-01 
  7.7777778e-01   5.1851904e-01   8.7379982e-01 
  7.7877878e-01   5.1684770e-01   8.7483623e-01 
  7.7977978e-01   5.1517034e-01   8.7586928e-01 
  7.8078078e-01   5.1348697e-01   8.7689896e-01 
  7.8178178e-01   5.1179760e-01   8.7792527e-01 
  7.8278278e-01   5.1010220e-01   8.7894820e-01 
  7.8378378e-01   5.0840080e-01   8.7996772e-01 
  7.8478478e-01   5.0669339e-01   8.8098383e-01 
  7.8578579e-01   5.0497996e-01   8.8199652e-01 
  7.8678679e-01   5.0326052e-01   8.8300577e-01 
  7.8778779e-01   5.0153507e-01   8.8401157e-01 
  7.8878879e-01   4.9980361e-01   8.8501391e-01 
  7.8978979e-01   4.9806613e-01   8.8601278e-01 
  7.9079079e-01   4.9632265e-01   8.8700816e-01 
  7.9179179e-01   4.9457315e-01   8.8800005e-01 
  7.9279279e-01   4.9281764e-01   8.8898843e-01 
  7.9379379e-01   4.9105611e-01   8.8997329e-01 
  7.9479479e-01   4.8928858e-01   8.9095461e-01 
  7.9579580e-01   4.8751503e-01   8.9193239e-01 
  7.9679680e-01   4.8573547e-01   8.9290662e-01 
  7.9779780e-01   4.8394990e-01   8.9387727e-01 
  7.9879880e-01   4.8215832e-01   8.9484435e-01 
  7.9979980e-01   4.8036072e-01   8.9580783e-01 
  8.0080080e-01   4.7855711e-01   8.9676771e-01 
  8.0180180e-01   4.7674749e-01   8.9772397e-01 
  8.0280280e-01   4.7493186e-01   8.9867660e-01 
  8.0380380e-01   4.7311022e-01   8.9962559e-01 
  8.0480480e-01   4.7128257e-01   9.0057093e-01 
  8.0580581e-01   4.6944890e-01   9.0151260e-01 
  8.0680681e-01   4.6760922e-01   9.0245060e-01 
  8.0780781e-01   4.6576353e-01   9.0338491e-01 
  8.0880881e-01   4.6391182e-01   9.0431551e-01 
  8.0980981e-01   4.6205411e-01   9.0524241e-01 
  8.1081081e-01   4.6019038e-01   9.0616557e-01 
  8.1181181e-01   4.5832064e-01   9.0708500e-01 
  8.1281281e-01   4.5644489e-01   9.0800069e-01 
  8.1381381e-01   4.5456313e-01   9.0891261e-01 
  8.1481481e-01   4.5267535e-01   9.0982075e-01 
  8.1581582e-01   4.5078156e-01   9.1072511e-01 
  8.1681682e-01   4.4888176e-01   9.1162568e-01 
  8.1781782e-01   4.4697595e-01   9.1252243e-01 
  8.1881882e-01   4.4506413e-01   9.1341537e-01 
  8.1981982e-01   4.4314629e-01   9.1430446e-01 
  8.2082082e-01   4.4122244e-01   9.1518972e-01 
  8.2182182e-01   4.3929259e-01   9.1607112e-01 
  8.2282282e-01   4.3735671e-01   9.1694864e-01 
  8.2382382e-01   4.3541483e-01   9.1782229e-01 
  8.2482482e-01   4.3346693e-01   9.1869204e-01 
  8.2582583e-01   4.3151303e-01   9.1955788e-01 
  8.2682683e-01   4.2955311e-01   9.2041981e-01 
  8.2782783e-01   4.2758717e-01   9.2127781e-01 
  8.2882883e-01   4.2561523e-01   9.2213187e-01 
  8.2982983e-01   4.2363727e-01   9.2298197e-01 
  8.3083083e-01   4.2165331e-01   9.2382811e-01 
  8.3183183e-01   4.1966333e-01   9.2467027e-01 
  8.3283283e-01   4.1766733e-01   9.2550843e-01 
  8.3383383e-01   4.1566533e-01   9.2634260e-01 
  8.3483483e-01   4.1365731e-01   9.2717275e-01 
  8.3583584e-01   4.1164329e-01   9.2799888e-01 
  8.3683684e-01   4.0962325e-01   9.2882097e-01 
  8.3783784e-01   4.0759719e-01   9.2963901e-01 
  8.3883884e-01   4.0556513e-01   9.3045298e-01 
  8.3983984e-01   4.0352705e-01   9.3126289e-01 
  8.4084084e-01   4.0148297e-01   9.3206870e-01 
  8.4184184e-01   3.9943287e-01   9.3287042e-01 
  8.4284284e-01   3.9737675e-01   9.3366803e-01 
  8.4384384e-01   3.9531463e-01   9.3446151e-01 
  8.4484484e-01   3.9324649e-01   9.3525086e-01 
  8.4584585e-01   3.9117234e-01   9.3603607e-01 
  8.4684685e-01   3.8909218e-01   9.3681711e-01 
  8.4784785e-01   3.8700601e-01   9.3759399e-01 
  8.4884885e-01   3.8491383e-01   9.3836668e-01 
  8.4984985e-01   3.8281563e-01   9.3913518e-01 
  8.5085085e-01   3.8071142e-01   9.3989947e-01 
  8.5185185e-01   3.7860120e-01   9.4065954e-01 
  8.5285285e-01   3.7648497e-01   9.4141538e-01 
  8.5385385e-01   3.7436273e-01   9.4216698e-01 
  8.5485485e-01   3.7223447e-01   9.4291433e-01 
  8.5585586e-01   3.7010020e-01   9.4365740e-01 
  8.5685686e-01   3.6795992e-01   9.4439620e-01 
  8.5785786e-01   3.6581363e-01   9.4513071e-01 
  8.5885886e-01   3.6366132e-01   9.4586092e-01 
  8.5985986e-01   3.6150301e-01   9.4658681e-01 
  8.6086086e-01   3.5933868e-01   9.4730837e-01 
  8.6186186e-01   3.5716834e-01   9.4802559e-01 
  8.6286286e-01   3.5499198e-01   9.4873847e-01 
  8.6386386e-01   3.5280962e-01   9.4944698e-01 
  8.6486486e-01   3.5062124e-01   9.5015111e-01 
  8.6586587e-01   3.4842685e-01   9.5085086e-01 
  8.6686687e-01   3.4622645e-01   9.5154621e-01 
  8.6786787e-01   3.4402004e-01   9.5223715e-01 
  8.6886887e-01   3.4180762e-01   9.5292366e-01 
  8.6986987e-01   3.3958918e-01   9.5360574e-01 
  8.7087087e-01   3.3736473e-01   9.5428337e-01 
  8.7187187e-01   3.3513427e-01   9.5495654e-01 
  8.7287287e-01   3.3289780e-01   9.5562524e-01 
  8.7387387e-01   3.3065531e-01   9.5628946e-01 
  8.7487487e-01   3.2840681e-01   9.5694918e-01 
  8.7587588e-01   3.2615230e-01   9.5760440e-01 
  8.7687688e-01   3.2389178e-01   9.5825509e-01 
  8.7787788e-01   3.2162525e-01   9.5890126e-01 
  8.7887888e-01   3.1935271e-01   9.5954288e-01 
  8.7987988e-01   3.1707415e-01   9.6017994e-01 
  8.8088088e-01   3.1478958e-01   9.6081244e-01 
  8.8188188e-01   3.1249900e-01   9.6144035e-01 
  8.8288288e-01   3.1020240e-01   9.6206368e-01 
  8.8388388e-01   3.0789980e-01   9.6268240e-01 
  8.8488488e-01   3.0559118e-01   9.6329650e-01 
  8.8588589e-01   3.0327655e-01   9.6390598e-01 
  8.8688689e-01   3.0095591e-01   9.6451082e-01 
  8.8788789e-01   2.9862926e-01   9.6511100e-01 
  8.8888889e-01   2.9629659e-01   9.6570652e-01 
  8.8988989e-01   2.9395792e-01   9.6629737e-01 
  8.9089089e-01   2.9161323e-01   9.6688353e-01 
  8.9189189e-01   2.8926253e-01   9.6746498e-01 
  8.9289289e-01   2.8690581e-01   9.6804173e-01 
  8.9389389e-01   2.8454309e-01   9.6861375e-01 
  8.9489489e-01   2.8217435e-01   9.6918103e-01 
  8.9589590e-01   2.7979960e-01   9.6974357e-01 
  8.9689690e-01   2.7741884e-01   9.7030135e-01 
  8.9789790e-01   2.7503206e-01   9.7085435e-01 
  8.9889890e-01   2.7263928e-01   9.7140257e-01 
  8.9989990e-01   2.7024048e-01   9.7194599e-01 
  9.0090090e-01   2.6783567e-01   9.7248461e-01 
  9.0190190e-01   2.6542485e-01   9.7301840e-01 
  9.0290290e-01   2.6300802e-01   9.7354737e-01 
  9.0390390e-01   2.6058517e-01   9.7407148e-01 
  9.0490490e-01   2.5815631e-01   9.7459074e-01 
  9.0590591e-01   2.5572144e-01   9.7510514e-01 
  9.0690691e-01   2.5328056e-01   9.7561465e-01 
  9.0790791e-01   2.5083367e-01   9.7611927e-01 
  9.0890891e-01   2.4838076e-01   9.7661898e-01 
  9.0990991e-01   2.4592184e-01   9.7711378e-01 
  9.1091091e-01   2.4345691e-01   9.7760365e-01 
  9.1191191e-01   2.4098597e-01   9.7808857e-01 
  9.1291291e-01   2.3850902e-01   9.7856855e-01 
  9.1391391e-01   2.3602605e-01   9.7904356e-01 
  9.1491491e-01   2.3353707e-01   9.7951359e-01 
  9.1591592e-01   2.3104208e-01   9.7997864e-01 
  9.1691692e-01   2.2854108e-01   9.8043868e-01 
  9.1791792e-01   2.2603407e-01   9.8089371e-01 
  9.1891892e-01   2.2352104e-01   9.8134371e-01 
  9.1991992e-01   2.2100200e-01   9.8178868e-01 
  9.2092092e-01   2.1847695e-01   9.8222860e-01 
  9.2192192e-01   2.1594589e-01   9.8266346e-01 
  9.2292292e-01   2.1340882e-01   9.8309324e-01 
  9.2392392e-01   2.1086573e-01   9.8351794e-01 
  9.2492492e-01   2.0831663e-01   9.8393754e-01 
  9.2592593e-01   2.0576152e-01   9.8435204e-01 
  9.2692693e-01   2.0320040e-01   9.8476141e-01 
  9.2792793e-01   2.0063327e-01   9.8516565e-01 
  9.2892893e-01   1.9806012e-01   9.8556474e-01 
  9.2992993e-01   1.9548096e-01   9.8595867e-01 
  9.3093093e-01   1.9289579e-01   9.8634744e-01 
  9.3193193e-01   1.9030461e-01   9.8673102e-01 
  9.3293293e-01   1.8770741e-01   9.8710941e-01 
  9.3393393e-01   1.8510421e-01   9.8748260e-01 
  9.3493493e-01   1.8249499e-01   9.8785057e-01 
  9.3593594e-01   1.7987976e-01   9.8821330e-01 
  9.3693694e-01   1.7725852e-01   9.8857080e-01 
  9.3793794e-01   1.7463126e-01   9.8892304e-01 
  9.3893894e-01   1.7199800e-01   9.8927002e-01 
  9.3993994e-01   1.6935872e-01   9.8961172e-01 
  9.4094094e-01   1.6671343e-01   9.8994812e-01 
  9.4194194e-01   1.6406212e-01   9.9027923e-01 
  9.4294294e-01   1.6140481e-01   9.9060502e-01 
  9.4394394e-01   1.5874148e-01   9.9092549e-01 
  9.4494494e-01   1.5607214e-01   9.9124062e-01 
  9.4594595e-01   1.5339679e-01   9.9155040e-01 
  9.4694695e-01   1.5071543e-01   9.9185481e-01 
  9.4794795e-01   1.4802806e-01   9.9215386e-01 
  9.4894895e-01   1.4533467e-01   9.9244751e-01 
  9.4994995e-01   1.4263527e-01   9.9273577e-01 
  9.5095095e-01   1.3992986e-01   9.9301862e-01 
  9.5195195e-01   1.3721844e-01   9.9329605e-01 
  9.5295295e-01   1.3450100e-01   9.9356804e-01 
  9.5395395e-01   1.3177756e-01   9.9383458e-01 
  9.5495495e-01   1.2904810e-01   9.9409567e-01 
  9.5595596e-01   1.2631263e-01   9.9435129e-01 
  9.5695696e-01   1.2357114e-01   9.9460142e-01 
  9.5795796e-01   1.2082365e-01   9.9484606e-01 
  9.5895896e-01   1.1807014e-01   9.9508519e-01 
  9.5995996e-01   1.1531062e-01   9.9531881e-01 
  9.6096096e-01   1.1254509e-01   9.9554689e-01 
  9.6196196e-01   1.0977355e-01   9.9576943e-01 
  9.6296296e-01   1.0699599e-01   9.9598642e-01 
  9.6396396e-01   1.0421242e-01   9.9619784e-01 
  9.6496496e-01   1.0142285e-01   9.9640368e-01 
  9.6596597e-01   9.8627255e-02   9.9660393e-01 
  9.6696697e-01   9.5825651e-02   9.9679858e-01 
  9.6796797e-01   9.3018036e-02   9.9698761e-01 
  9.6896897e-01   9.0204409e-02   9.9717101e-01 
  9.6996997e-01   8.7384770e-02   9.9734878e-01 
  9.7097097e-01   8.4559118e-02   9.9752090e-01 
  9.7197197e-01   8.1727455e-02   9.9768735e-01 
  9.7297297e-01   7.8889780e-02   9.9784813e-01 
  9.7397397e-01   7.6046092e-02   9.9800322e-01 
  9.7497497e-01   7.3196393e-02   9.9815261e-01 
  9.7597598e-01   7.0340681e-02   9.9829629e-01 
  9.7697698e-01   6.7478958e-02   9.9843425e-01 
  9.7797798e-01   6.4611222e-02   9.9856647e-01 
  9.7897898e-01   6.1737475e-02   9.9869295e-01 
  9.7997998e-01   5.8857715e-02   9.9881366e-01 
  9.8098098e-01   5.5971944e-02   9.9892861e-01 
  9.8198198e-01   5.3080160e-02   9.9903777e-01 
  9.8298298e-01   5.0182365e-02   9.9914114e-01 
  9.8398398e-01   4.7278557e-02   9.9923869e-01 
  9.8498498e-01   4.4368737e-02   9.9933043e-01 
  9.8598599e-01   4.1452906e-02   9.9941634e-01 
  9.8698699e-01   3.8531062e-02   9.9949640e-01 
  9.8798799e-01   3.5603206e-02   9.9957061e-01 
  9.8898899e-01   3.2669339e-02   9.9963895e-01 
  9.8998999e-01   2.9729459e-02   9.9970141e-01 
  9.9099099e-01   2.6783567e-02   9.9975798e-01 
  9.9199199e-01   2.3831663e-02   9.9980865e-01 
  9.9299299e-01   2.0873747e-02   9.9985340e-01 
  9.9399399e-01   1.7909820e-02   9.9989222e-01 
  9.9499499e-01   1.4939880e-02   9.9992511e-01 
  9.9599600e-01   1.1963928e-02   9.9995204e-01 
  9.9699700e-01   8.9819639e-03   9.9997300e-01 
  9.9799800e-01   5.9939880e-03   9.9998799e-01 
  9.9899900e-01   3.0000000e-03   9.9999700e-01 
  1.0000000e+00   0.0000000e+00   1.0000000e+00 
