 !=================== 
 ! control section 
 !=================== 
 1 1 
 6 20 1 0 1 
 64 64 64 1  0.014 0.014 0.10 
 45 0 0 1 
 20 
 0.0035786249999999998 
 -1.956943332791912e-06 
 7.811089228418576e-05 0.0019204090933679747 0.0 1.0 1.0 0.0 0.0 
 7.811089228418576e-05 0.0019204090933679747 0.0 1.0 1.0 0.0 0.0 
 0.00010000453765775252 0.009784716663959562 10 1.0 1.0 0.0 0.0 
 0.0035786249999999998 100e6 0.511001e6 -1.0 4.7715e7 0.0 
 !=================== 
 ! lattice lines 
 !=================== 
 0 0 1000 -2 -1 / 
 0 0 2000 -8 128 / 
 0.4163808942539842 1 1 0 0.014 -1 / 
 0.1 1 1 1 5.428265041513216 -5 0.014 0.0 0.0 0.0 0.0 0.0 / 
 0.9624433583861619 1 1 0 0.014 -1 / 
 0.1 1 1 1 -6.31345499131994 -5 0.014 0.0 0.0 0.0 0.0 0.0 / 
 1.262893841698509 1 1 0 0.014 -1 / 
 0.1 1 1 1 2.636671461004209 -5 0.014 0.0 0.0 0.0 0.0 0.0 / 
 0.06052872705377742 1 1 0 0.014 -1 / 
 0.1 1 1 1 -1.082683304990227 -5 0.014 0.0 0.0 0.0 0.0 0.0 / 
 0.05 1 1 0 0.014 -1 / 
 0.05 1 1 0 0.014 -1 / 
 0.05 1 1 0 0.014 -1 / 
 2 1 1 103 35013792.3916706 5712000000 -45.0 -0.5 / 
 0.05 1 1 0 0.014 -1 / 
 0.05 1 1 0 0.014 -1 / 
 0.06 1 1 1 4.69527 -5 0.014 0.0 0.0 0.0 0.0 0.0 / 
 0.06 1 1 1 4.69527 -5 0.014 0.0 0.0 0.0 0.0 0.0 / 
 0.05 1 1 0 0.014 -1 / 
 0.05 1 1 0 0.014 -1 / 
 2 1 1 103 35013792.3916706 5712000000 -45.0 -0.5 / 
 0.05 1 1 0 0.014 -1 / 
 0.05 1 1 0 0.014 -1 / 
 0.06 1 1 1 -4.69527 -5 0.014 0.0 0.0 0.0 0.0 0.0 / 
 0.06 1 1 1 -4.69527 -5 0.014 0.0 0.0 0.0 0.0 0.0 / 
 0.05 1 1 0 0.014 -1 / 
 0.05 1 1 0 0.014 -1 / 
 2 1 1 103 35013792.3916706 5712000000 -45.0 -0.5 / 
 0.05 1 1 0 0.014 -1 / 
 0.05 1 1 0 0.014 -1 / 
 0.06 1 1 1 4.69527 -5 0.014 0.0 0.0 0.0 0.0 0.0 / 
 0.06 1 1 1 4.69527 -5 0.014 0.0 0.0 0.0 0.0 0.0 / 
 0.05 1 1 0 0.014 -1 / 
 0.05 1 1 0 0.014 -1 / 
 2 1 1 103 35013792.3916706 5712000000 -45.0 -0.5 / 
 0.05 1 1 0 0.014 -1 / 
 0.05 1 1 0 0.014 -1 / 
 0.06 1 1 1 -4.69527 -5 0.014 0.0 0.0 0.0 0.0 0.0 / 
 0.06 1 1 1 -4.69527 -5 0.014 0.0 0.0 0.0 0.0 0.0 / 
 0.05 1 1 0 0.014 -1 / 
 0.9164755 1 1 103 5641371.402118213 35982600000 -180.0 -0.5 / 
 0.05 1 1 0 0.014 -1 / 
 0.2 1 1 0 0.014 -1 / 
 0.2 1 1 4 0.0435745 0.0 25 0.014 0.0 0.0435745 0.0 0.0 0.0 0.0 0.0 0.0 0.0 0.0 / 
 2.5 1 1 0 0.014 -1 / 
 0.2 1 1 4 -0.0435745 0.0 25 0.014 -0.04363323 0.0 0.0 0.0 0.0 0.0 0.0 0.0 0.0 0.0 / 
 1 1 1 0 0.014 -1 / 
 0.2 1 1 4 -0.0435745 0.0 25 0.014 0.0 -0.0435745 0.0 0.0 0.0 0.0 0.0 0.0 0.0 0.0 / 
 2.5 1 1 0 0.014 -1 / 
 0.2 1 1 4 0.0435745 0.0 25 0.014 0.04363323 0.0 0.0 0.0 0.0 0.0 0.0 0.0 0.0 0.0 / 
 0 0 1001 -2 -1 / 
 0 0 2001 -8 128 / 
