 !=================== 
 ! control section 
 !=================== 
 1 1 
 6 100 1 0 1 
 64 64 64 1 0.014 0.014 0.10 
 45 0 0 1 
 100 
 0.0 
 -1.956943332791912e-06 
 0.004675358029207472 0.0019204090933679747 0.0 1.0 1.0 0.0 0.0 
 0.004675358029207472 0.0019204090933679747 0.0 1.0 1.0 0.0 0.0 
 0.005985810741916403 0.009784716663959562 0 1.0 1.0 0.0 0.0 
 0.0 100e6 0.511001e6 -1.0 2.856e9 0.0 
 !=================== 
 ! lattice lines 
 !=================== 
 0 0 0 -22 0.014 0.5 0.5 0.5 0.08 10 1 /
