   4766621.5355858188     
  -2966365.0397029240     
 -0.23514033852331040     
  -1992460.3849376347     
 -0.56258732828871016     
   12544524.398724318     
  -2.5805946289460522     
   10668924.981447635     
  -2.2042157534249247     
   149919.21782030058     
 -0.32488658509974427     
  -931689.68185892701     
  -2.2624496111391015E-002
   362821.80738593830     
  0.38198049372916043     
   40660.814544616231     
  0.19215277475861295     
   90747.059976520046     
  -1.8742635543958328     
  -695862.37171051954     
 -0.81839944740094184     
  -1017799.8616900574     
   1.1799519361380322     
  -155200.15026813935     
 -0.29191516101681791     
   142898.92867657731     
  -1.1664258238944269     
  -33293.586789650879     
  0.67992162691583991     
  -18832.024741811059     
 -0.52809635273007849     
  -4882.7386618275559     
  -2.0256189576238874     
   61764.801602663509     
 -0.43798679058410117     
   125572.84793053751     
   2.2202354065211578     
   39135.841342778913     
   3.8447142336549389E-002
  -20218.676611484996     
 -0.72752798488143244     
   947.68981519531371     
  0.68357586901161904     
   4686.5847919415319     
  0.20047357652116163     
   237.70001113604667     
 -0.55837637089243131     
  -6087.7313625235474     
   1.4599785703356345     
  -16022.060101255673     
   1.3511000399739452     
  -7911.3156921435511     
   1.2023631924932912     
   2447.3030483741677     
   3.1555195454780325     
   569.47705811072228     
   1.6798929346011233     
  -877.27727472592233     
 -0.39252352618260966     
  -97.469102606330125     
   5.6148743600383133E-002
   681.00449595045211     
   1.0058540121077673     
   2081.5947703700149     
  -1.0951953870953091     
   1482.0766835231698     
 -0.49245703096203597     
  -266.64846131022932     
   3.4269919384451191     
  -208.16557028772513     
   4.4071523705758953     
   180.68012422133324     
  -1.2396118434008039     
   52.512944044581673     
   1.4162794366782765     
  -115.42126281749370     
   2.9236696348711213     
  -264.67883997965691     
 -0.27735030527458360     
  -268.48085385750892     
   2.0997729246490473     
   30.659466521850845     
   11.688971521269577     
   17.467596264519671     
   8.2872666708474583     
  -41.791732488163689     
  -4.5499981626617370     
   26.297916112431267     
  -3.1769396965994767     
   18.524000960846024     
   4.5236536425741622     
   5.0588629711055546     
  -4.5351843853284795     
   51.560973526946327     
  -8.0182803842834982     
  -20.751160563937447     
  -8.8217818939814414     
   29.744326712600014     
  -8.8432621949244314     
  -27.456276127921228     
  -2.4818894354538701     
  -9.5615353565299301     
   2.4340916892753821     
   41.827846942433098     
 -0.49079951752310680     
  -7.7792159299933701     
   5.0629954355961422     
  -63.868943864516041     
  -10.953524828756663     
   8.2507799722152413     
  -24.448722359319341     
   16.225942550190666     
  -17.779937580743201     
   7.5473094601547928     
  -4.5076801764681473     
  -31.801668735257408     
  0.51532161043254110     
   22.164322437754890     
  0.78595161701053540     
   44.046044765003899     
   1.6390752566396887     
  -28.435604987629631     
   3.0757837302053570     
  -30.419236237219593     
  -1.6441199213979991     
   32.816326441279671     
  -3.4265840032934998     
   7.7522048335158615     
  -2.4263107265831962     
   17.376948875411472     
  -2.9726067167620158     
  -24.880988206750771     
   3.5393297647438962     
   22.889032902232429     
   8.1461313575034611E-002
   23.185845790394524     
  -2.7502297855553075     
  -10.893605409153679     
  -10.637435196620341     
  -24.983298549639585     
  0.79093131097623015     
  -32.468828855046013     
  0.86271286272748116     
  -41.394849361888191     
  -2.9920683387390925     
   15.923077287188789     
   5.4844670302130742     
  -16.766656311265251     
   10.274952647029190     
   63.076161323237102     
  -2.5442714853416746     
  -11.038553657046577     
  -4.4726206687839110     
  -43.184808401354530     
  0.25262594569216712     
   177.50443744842050     
  0.59088372936935762     
   176.36531096886756     
   1.5164506467172125     
   17.246069369801262     
   6.3618245014892567     
  -10.136180577763298     
   2.1938755541173798     
  -81.729920646212122     
  -7.1886405086741805     
   117.31843799542548     
  -2.7602612946164857     
   51.202140627392509     
 -0.28541702939167968     
  -470.29512004713615     
  -3.7203585763312086     
  -402.89550695013168     
  -5.8658251792694216     
  -33.114718614109734     
  -1.7148914316746720     
   1.7049514632308274     
  -7.8558595787076815     
   60.430906595698616     
  -10.510638471966741     
