 0.00000e-2   6.565450E+03  
 0.18200e-2   8.503364E+03  
 0.30940e-2   1.620376E+04  
 0.47320e-2   2.610314E+04  
 0.61880e-2   3.319361E+04  
 0.80080e-2   5.685395E+04  
 0.92820e-2   6.638763E+04  
 1.23760e-2   1.740649E+05  
 1.33360e-2   2.367966E+05  
 1.39760e-2   2.850015E+05  
 1.49360e-2   3.789150E+05  
 1.55760e-2   4.547498E+05  
 1.71760e-2   7.077777E+05  
 1.76627e-2   8.132504E+05  
 1.80068e-2   8.994381E+05  
 1.84344e-2   1.013338E+06  
 1.88375e-2   1.137407E+06  
 1.92550e-2   1.272788E+06  
 1.96683e-2   1.423809E+06  
 2.00841e-2   1.586467E+06  
 2.04991e-2   1.764485E+06  
 2.09145e-2   1.957426E+06  
 2.13298e-2   2.163044E+06  
 2.17452e-2   2.386964E+06  
 2.21606e-2   2.618985E+06  
 2.25760e-2   2.871760E+06  
 2.29914e-2   3.126633E+06  
 2.34068e-2   3.402843E+06  
 2.38222e-2   3.674466E+06  
 2.42379e-2   3.965637E+06  
 2.46529e-2   4.245511E+06  
 2.50704e-2   4.541834E+06  
 2.54837e-2   4.819781E+06  
 2.59113e-2   5.115815E+06  
 2.63145e-2   5.386601E+06  
 2.68011e-2   5.701042E+06  
 2.71452e-2   5.905199E+06  
 2.79760e-2   6.367424E+06  
 2.88652e-2   6.804026E+06  
 2.94940e-2   7.077223E+06  
 3.02753e-2   7.369033E+06  
 3.10120e-2   7.595349E+06  
 3.17748e-2   7.795179E+06  
 3.25300e-2   7.957768E+06  
 3.32897e-2   8.087637E+06  
 3.40480e-2   8.190451E+06  
 3.48071e-2   8.265751E+06  
 3.55660e-2   8.318840E+06  
 3.63250e-2   8.349418E+06  
 3.70840e-2   8.359208E+06  
 3.78431e-2   8.349254E+06  
 3.86020e-2   8.316813E+06  
 3.93617e-2   8.264766E+06  
 4.01200e-2   8.185704E+06  
 4.08828e-2   8.083738E+06  
 4.16380e-2   7.949178E+06  
 4.24193e-2   7.779765E+06  
 4.31560e-2   7.571502E+06  
 4.40452e-2   7.287104E+06  
 4.46740e-2   7.074772E+06  
 4.61920e-2   6.401652E+06  
 4.66787e-2   6.131478E+06  
 4.70228e-2   5.921086E+06  
 4.74504e-2   5.651977E+06  
 4.78535e-2   5.396304E+06  
 4.82710e-2   5.113548E+06  
 4.86843e-2   4.838719E+06  
 4.91001e-2   4.545221E+06  
 4.95151e-2   4.264008E+06  
 4.99305e-2   3.969225E+06  
 5.03458e-2   3.691120E+06  
 5.07612e-2   3.406041E+06  
 5.11766e-2   3.140075E+06  
 5.15920e-2   2.874529E+06  
 5.20074e-2   2.628283E+06  
 5.24228e-2   2.389353E+06  
 5.28382e-2   2.168158E+06  
 5.32539e-2   1.959510E+06  
 5.36689e-2   1.766338E+06  
 5.40864e-2   1.588119E+06  
 5.44997e-2   1.424311E+06  
 5.49273e-2   1.272256E+06  
 5.53305e-2   1.134922E+06  
 5.58171e-2   9.940635E+05  
 5.61612e-2   8.969681E+05  
 5.69920e-2   7.157344E+05  
 5.79520e-2   5.523626E+05  
 5.85920e-2   4.552261E+05  
 5.95520e-2   3.439662E+05  
 6.01920e-2   2.798372E+05  
 6.17920e-2   1.802591E+05  
 6.33214e-2   1.196449E+05  
 6.44010e-2   8.388009E+04  
 6.57505e-2   5.547583E+04  
 6.70100e-2   4.723513E+04  
 6.83595e-2   3.510134E+04  
 6.96190e-2   1.991606E+04  
 7.11484e-2   1.367706E+04  
 7.22280e-2   1.056312E+04  
 7.48370e-2   5.787885E+03  