   5721009.0094140340     
   4236542.8394171428     
  -117884.34899070754     
   1589051.0163148211     
  -89168.197717132512     
   38074.507401151815     
  -4697.5677132073997     
  -278360.53754679696     
   29147.295846099965     
  -127844.68203576072     
   15624.675996364167     
   682.56525261863135     
  -1112.4322386851809     
   30122.465717954794     
  -5764.8247147268557     
   13676.342743234476     
  -1608.5662248228909     
   1317.3954817487393     
   1820.7324951712817     
  -2352.8584829999891     
   2381.1403645258106     
  -3025.7674477861437     
   1713.0055352879572     
  -2402.0674311353650     
   585.16031816180657     
  -1791.5751078889880     
  -92.632713963103015     
   363.40029843311640     
  -2670.4732531176996     
   1147.5459791852918     
  -1560.0470735750469     
  -220.66883914012578     
  -114.34785797103541     
   1422.9688002302137     
  -198.27997392884572     
   815.28518994312617     
   258.61924580245613     
  -680.32503254871699     
   1430.4017674600909     
   127.18643506031367     
   1096.3675954304053     
  -147.65203030567500     
  -238.31788625317859     
   404.39196522693965     
  -309.12700685521122     
  -201.67467434864375     
  -559.90606018673861     
  -718.71838299770025     
  -163.54619927059321     
   396.09331337947515     
  -37.045748606586130     
  -349.99380366344121     
  -20.165915152407251     
  -586.41382916431758     
   983.28885384520981     
   200.08808072071406     
   291.10128047724720     
   39.596729917713674     
  -821.23963219979487     
  -43.840443296619924     
  -546.17856937212309     
   363.68296305675176     
  -341.69374418075313     
   541.17729504566523     
  -140.77223113979562     
   439.53508059520391     
  -74.883473256850266     
   83.183940248301951     
   529.38666141973226     
   56.415749235340627     
   899.72184513707180     
  -444.89834086436895     
   498.67721993746090     
  -975.77377279262873     
  -205.41959248087369     
  -521.16684596080449     
  -94.534278328399523     
  -112.82352765064570     
  -198.14249285915866     
   181.04782612781855     
  -914.04195833964332     
   722.77876059550908     
  -539.33986643585376     
   566.18334134083125     
   46.887344161645160     
   672.79667346019414     
   79.854691779721179     
   234.60271771412226     
   392.56505901295168     
  -318.91703351002070     
   830.05050990851305     
  -212.08084694881109     
   682.78839677116775     
  -318.72539360981318     
   12.590642393668531     
  -318.44369570750132     
  -257.75886430046376     
  -11.263717012225243     
  -578.79555510146020     
   8.3789513872252428     
  -577.71398803540797     
   318.15864626902476     
  -254.81896347216389     
   320.44963105182978     
   16.001743990243995     
   220.92236821193364     
   685.27808856756747     
   332.29641659717890     
   830.09461744385771     
  -221.94824917774531     
   393.61870725759945     
  -666.54081599254278     
   83.036282115397626     
  -565.46884091358515     
   51.808897100723698     
  -722.00275961894658     
  -535.33920560163097     
  -178.30096371631953     
  -912.70175149524584     
   116.20004017811152     
  -199.54459678259082     
   523.27586047191289     
  -96.634318065960542     
   974.69614370327326     
  -207.86477041611215     
   443.50525729198125     
   497.23139269003877     
  -61.307703657337697     
   898.46875946113141     
  -88.607542352488963     
   523.45439318037097     
  -444.51068942088750     
  -81.697485248994781     
  -543.65023358326289     
  -147.64843477346585     
  -366.66850988406804     
  -344.51206419972004     
   43.272560758778127     
  -545.22753447585274     
  -38.983774824329885     
  -819.79075524606742     
  -199.64493306141230     
   293.52045155517408     
   589.89812024097773     
   983.15430941226077     
   350.33470313090947     
  -21.567224421130959     
  -398.78939167995122     
  -40.457063474226743     
   716.40242449779180     
  -173.50267959237681     
   203.04482205372187     
  -577.92443357940647     
  -397.71361287098262     
  -331.20581616335403     
   155.38229306202265     
  -256.61327630560845     
  -119.41445477466914     
   1086.0771480986004     
   680.91486485462519     
   1424.6518201676372     
  -817.26919110279414     
   255.24568707533763     
  -1423.6485792829480     
  -199.67609064513817     
   218.19294039745000     
  -115.71746082726168     
  -1150.8354546262708     
  -1558.7045520941901     
  -365.03511364918086     
  -2666.4299571953597     
   1791.2481396959338     
  -85.219286513543921     
   2399.0127441122022     
   591.21849817910697     
   3025.4963410661730     
   1716.7437654868409     
   2348.9121329023328     
   2381.6507133053092     
