  0.000000E+00 -0.616726E-04  0.484751E-02 -0.151957E-04  0.658581E-03  0.613435E-02  0.256450E-06  0.736144E+01  0.135848E+00  0.209040E-01 -0.289495E-01     0
  0.600000E-01 -0.599921E-04  0.480230E-02  0.170184E-05  0.151292E-02  0.204652E+01  0.256235E-06  0.723084E+01  0.717627E+00  0.143709E-01 -0.333367E-01     1
  0.793333E+00 -0.587414E-04  0.383651E-02  0.170184E-05  0.151292E-02  0.152028E+01  0.256236E-06  0.461491E+01  0.717627E+00 -0.101017E-01 -0.333367E-01     1
  0.152667E+01 -0.573793E-04  0.297291E-02  0.160589E-05  0.151296E-02  0.994037E+00  0.256256E-06  0.277085E+01  0.717612E+00 -0.344920E-01 -0.334079E-01     1
  0.226000E+01 -0.561990E-04  0.232776E-02  0.160589E-05  0.151296E-02  0.467816E+00  0.256256E-06  0.169864E+01  0.717611E+00 -0.590169E-01 -0.334079E-01     1
  0.232000E+01 -0.560750E-04  0.231027E-02 -0.140926E-04  0.138215E-02 -0.436318E-01  0.256265E-06  0.167314E+01  0.598810E+00 -0.633287E-01 -0.508665E-01     1
  0.238000E+01 -0.573972E-04  0.233493E-02 -0.300536E-04  0.156464E-02 -0.558119E+00  0.256265E-06  0.170903E+01  0.767327E+00 -0.669249E-01 -0.691880E-01     1
  0.311333E+01 -0.794311E-04  0.306265E-02 -0.300536E-04  0.156464E-02 -0.112088E+01  0.256265E-06  0.294013E+01  0.767326E+00 -0.117648E+00 -0.691880E-01     1
  0.384667E+01 -0.101465E-03  0.399259E-02 -0.300536E-04  0.156464E-02 -0.168365E+01  0.256265E-06  0.499652E+01  0.767325E+00 -0.168372E+00 -0.691880E-01     1
  0.458000E+01 -0.123499E-03  0.501347E-02 -0.300536E-04  0.156464E-02 -0.224641E+01  0.256266E-06  0.787822E+01  0.767324E+00 -0.219096E+00 -0.691880E-01     1
  0.464000E+01 -0.122274E-03  0.504011E-02  0.486344E-05  0.631049E-03 -0.211907E-01  0.255441E-06  0.798781E+01  0.125247E+00 -0.230191E+00 -0.715320E-02     1
  0.470000E+01 -0.120951E-03  0.499852E-02  0.391719E-04  0.153581E-02  0.219736E+01  0.255441E-06  0.785651E+01  0.741747E+00 -0.228679E+00  0.575735E-01     1
  0.543333E+01 -0.922294E-04  0.400071E-02  0.391719E-04  0.153581E-02  0.165339E+01  0.255440E-06  0.503288E+01  0.741748E+00 -0.186500E+00  0.575735E-01     1
  0.616667E+01 -0.635078E-04  0.309242E-02  0.391719E-04  0.153581E-02  0.110942E+01  0.255440E-06  0.300705E+01  0.741750E+00 -0.144322E+00  0.575735E-01     1
  0.690000E+01 -0.347862E-04  0.237853E-02  0.391719E-04  0.153581E-02  0.565450E+00  0.255439E-06  0.177901E+01  0.741751E+00 -0.102143E+00  0.575735E-01     1
  0.696000E+01 -0.327925E-04  0.235466E-02  0.295990E-04  0.135127E-02  0.327972E-01  0.255460E-06  0.174335E+01  0.574221E+00 -0.996071E-01  0.291372E-01     1
  0.702000E+01 -0.312892E-04  0.237331E-02  0.205853E-04  0.149668E-02 -0.497649E+00  0.255460E-06  0.177110E+01  0.704489E+00 -0.987003E-01  0.124331E-02     1
  0.775333E+01 -0.161934E-04  0.302628E-02  0.205853E-04  0.149668E-02 -0.101421E+01  0.255459E-06  0.287993E+01  0.704490E+00 -0.978296E-01  0.124331E-02     1
  0.848667E+01 -0.109760E-05  0.388503E-02  0.205853E-04  0.149668E-02 -0.153078E+01  0.255459E-06  0.474649E+01  0.704490E+00 -0.969589E-01  0.124331E-02     1
  0.922000E+01  0.139982E-04  0.484126E-02  0.205853E-04  0.149668E-02 -0.204734E+01  0.255459E-06  0.737077E+01  0.704491E+00 -0.960882E-01  0.124331E-02     1
  0.928000E+01  0.114579E-04  0.487468E-02  0.166543E-04  0.651797E-03  0.317181E-01  0.255108E-06  0.748318E+01  0.133767E+00 -0.843406E-01  0.275614E-01     1
  0.934000E+01  0.123574E-04  0.483246E-02  0.132950E-04  0.153268E-02  0.210701E+01  0.255108E-06  0.735413E+01  0.739703E+00 -0.819800E-01  0.510221E-01     1
  0.100733E+02  0.221030E-04  0.384735E-02  0.132950E-04  0.153268E-02  0.156455E+01  0.255108E-06  0.466150E+01  0.739701E+00 -0.445541E-01  0.510221E-01     1
  0.108067E+02  0.318487E-04  0.296281E-02  0.132950E-04  0.153268E-02  0.102210E+01  0.255109E-06  0.276448E+01  0.739700E+00 -0.712818E-02  0.510221E-01     1
  0.115400E+02  0.415944E-04  0.229802E-02  0.132950E-04  0.153268E-02  0.479642E+00  0.255109E-06  0.166305E+01  0.739699E+00  0.302977E-01  0.510221E-01     1
  0.116000E+02  0.432167E-04  0.227874E-02  0.252695E-04  0.139379E-02 -0.225392E-01  0.255073E-06  0.163548E+01  0.611750E+00  0.372462E-01  0.609021E-01     1
  0.116600E+02  0.451025E-04  0.230144E-02  0.376925E-04  0.155913E-02 -0.526338E+00  0.255073E-06  0.166822E+01  0.765480E+00  0.412242E-01  0.719398E-01     1
  0.123933E+02  0.727380E-04  0.300917E-02  0.376925E-04  0.155913E-02 -0.108776E+01  0.255073E-06  0.285179E+01  0.765480E+00  0.939505E-01  0.719398E-01     1
  0.131267E+02  0.100374E-03  0.392788E-02  0.376925E-04  0.155913E-02 -0.164918E+01  0.255073E-06  0.485869E+01  0.765479E+00  0.146677E+00  0.719398E-01     1
  0.138600E+02  0.128009E-03  0.494125E-02  0.376925E-04  0.155913E-02 -0.221060E+01  0.255074E-06  0.768892E+01  0.765479E+00  0.199403E+00  0.719398E-01     1
  0.139200E+02  0.127350E-03  0.498157E-02  0.140491E-05  0.637542E-03 -0.397836E-01  0.254927E-06  0.781939E+01  0.128089E+00  0.202977E+00  0.153205E-01     1
  0.139800E+02  0.126360E-03  0.494119E-02 -0.343826E-04  0.151252E-02  0.213220E+01  0.254927E-06  0.769313E+01  0.720919E+00  0.202183E+00 -0.418301E-01     1
  0.147133E+02  0.101149E-03  0.396503E-02 -0.343826E-04  0.151252E-02  0.160355E+01  0.254926E-06  0.495365E+01  0.720920E+00  0.171555E+00 -0.418301E-01     1
  0.154467E+02  0.759384E-04  0.308029E-02 -0.343826E-04  0.151252E-02  0.107489E+01  0.254926E-06  0.298955E+01  0.720922E+00  0.140927E+00 -0.418301E-01     1
  0.161800E+02  0.507278E-04  0.239071E-02 -0.343826E-04  0.151252E-02  0.546234E+00  0.254925E-06  0.180084E+01  0.720923E+00  0.110299E+00 -0.418301E-01     1
  0.162400E+02  0.491312E-04  0.236878E-02 -0.203873E-04  0.133986E-02  0.793465E-02  0.254949E-06  0.176779E+01  0.565712E+00  0.108785E+00 -0.110898E-01     1
  0.163000E+02  0.483203E-04  0.238955E-02 -0.667980E-05  0.150307E-02 -0.529821E+00  0.254949E-06  0.179893E+01  0.711922E+00  0.109041E+00  0.195495E-01     1
  0.170333E+02  0.434203E-04  0.306449E-02 -0.667980E-05  0.150307E-02 -0.105184E+01  0.254949E-06  0.295884E+01  0.711922E+00  0.123408E+00  0.195495E-01     1
  0.177667E+02  0.385202E-04  0.393728E-02 -0.667980E-05  0.150307E-02 -0.157387E+01  0.254949E-06  0.488446E+01  0.711922E+00  0.137776E+00  0.195495E-01     1
  0.185000E+02  0.336202E-04  0.490338E-02 -0.667980E-05  0.150307E-02 -0.209589E+01  0.254949E-06  0.757579E+01  0.711922E+00  0.152143E+00  0.195495E-01     1
  0.185600E+02  0.329368E-04  0.494332E-02 -0.160681E-04  0.642605E-03  0.425587E-01  0.254949E-06  0.769970E+01  0.130109E+00  0.152031E+00 -0.233563E-01     1
  0.186200E+02  0.316977E-04  0.490011E-02 -0.251852E-04  0.155233E-02  0.217815E+01  0.254949E-06  0.756572E+01  0.759211E+00  0.149351E+00 -0.658683E-01     1
  0.193533E+02  0.132337E-04  0.389463E-02 -0.251852E-04  0.155233E-02  0.162134E+01  0.254950E-06  0.477949E+01  0.759209E+00  0.101055E+00 -0.658683E-01     1
  0.200867E+02 -0.523033E-05  0.298613E-02 -0.251852E-04  0.155233E-02  0.106454E+01  0.254950E-06  0.280985E+01  0.759207E+00  0.527579E-01 -0.658683E-01     1
  0.208200E+02 -0.236944E-04  0.229296E-02 -0.251852E-04  0.155233E-02  0.507742E+00  0.254951E-06  0.165680E+01  0.759206E+00  0.446127E-02 -0.658683E-01     1
  0.208800E+02 -0.255359E-04  0.227168E-02 -0.322708E-04  0.139713E-02  0.703478E-02  0.254952E-06  0.162620E+01  0.614960E+00 -0.435792E-04 -0.660029E-01     1
  0.209400E+02 -0.276933E-04  0.229186E-02 -0.397580E-04  0.154412E-02 -0.493297E+00  0.254952E-06  0.165522E+01  0.751195E+00 -0.401262E-02 -0.665735E-01     1
  0.216733E+02 -0.568439E-04  0.297172E-02 -0.397580E-04  0.154412E-02 -0.104422E+01  0.254951E-06  0.278278E+01  0.751196E+00 -0.527924E-01 -0.665735E-01     1
  0.224067E+02 -0.859945E-04  0.386963E-02 -0.397580E-04  0.154412E-02 -0.159515E+01  0.254951E-06  0.471831E+01  0.751196E+00 -0.101572E+00 -0.665735E-01     1
  0.231400E+02 -0.115145E-03  0.486636E-02 -0.397580E-04  0.154412E-02 -0.214608E+01  0.254951E-06  0.746181E+01  0.751197E+00 -0.150352E+00 -0.665735E-01     1
  0.232000E+02 -0.116552E-03  0.490919E-02 -0.707554E-05  0.647009E-03 -0.400352E-01  0.254951E-06  0.759371E+01  0.131898E+00 -0.153064E+00 -0.237746E-01     1
