  -0.1098167E-04   0.1251040E+01   0.1209544E+01   0.0000000E+00   0.0000000E+00  -0.5227958E-03   0.4274592E+05   0.1293481E-03  -0.1264741E-03             NaN             NaN
  -0.1121422E-04   0.9174110E+01   0.8869811E+01   0.0000000E+00   0.0000000E+00  -0.5162023E-03   0.1333440E+06  -0.7214489E-05   0.3329119E-04             NaN             NaN
  -0.1144678E-04   0.3868911E+02   0.3740582E+02   0.0000000E+00   0.0000000E+00  -0.5184109E-03   0.1434084E+06  -0.7398856E-05  -0.4963600E-05             NaN             NaN
  -0.1167934E-04   0.1346321E+03   0.1301665E+03   0.0000000E+00   0.0000000E+00  -0.5127560E-03   0.1353916E+06  -0.1655277E-05   0.2990577E-05             NaN             NaN
  -0.1191190E-04   0.3996292E+03   0.3863738E+03   0.0000000E+00   0.0000000E+00  -0.5098115E-03   0.1527394E+06  -0.8110031E-06   0.9494589E-06             NaN             NaN
  -0.1214446E-04   0.8410439E+03   0.8131471E+03   0.0000000E+00   0.0000000E+00  -0.5083599E-03   0.1686874E+06  -0.3983211E-05  -0.1981346E-05             NaN             NaN
  -0.1237701E-04   0.1419845E+04   0.1372750E+04   0.0000000E+00   0.0000000E+00  -0.5176143E-03   0.1899388E+06   0.6654843E-08  -0.8132373E-06             NaN             NaN
  -0.1260957E-04   0.2023614E+04   0.1956492E+04   0.0000000E+00   0.0000000E+00  -0.5273776E-03   0.2167387E+06  -0.4493125E-06  -0.1502035E-05             NaN             NaN
  -0.1284213E-04   0.2353717E+04   0.2275646E+04   0.0000000E+00   0.0000000E+00  -0.5382275E-03   0.2600126E+06   0.1260457E-05  -0.1465171E-05             NaN             NaN
  -0.1307469E-04   0.2348113E+04   0.2270228E+04   0.0000000E+00   0.0000000E+00  -0.5479972E-03   0.3037423E+06   0.8505177E-06   0.2667749E-06             NaN             NaN
  -0.1330724E-04   0.2141059E+04   0.2070042E+04   0.0000000E+00   0.0000000E+00  -0.5510148E-03   0.3491153E+06   0.1147568E-05  -0.2296000E-05             NaN             NaN
  -0.1353980E-04   0.1911295E+04   0.1847899E+04   0.0000000E+00   0.0000000E+00  -0.5480155E-03   0.3884281E+06   0.1131598E-05   0.9759484E-06             NaN             NaN
  -0.1377236E-04   0.1717705E+04   0.1660730E+04   0.0000000E+00   0.0000000E+00  -0.5436077E-03   0.4272043E+06   0.1358963E-05  -0.6801259E-06             NaN             NaN
  -0.1400492E-04   0.1549893E+04   0.1498484E+04   0.0000000E+00   0.0000000E+00  -0.5381055E-03   0.4569422E+06  -0.6637508E-06   0.1430119E-05             NaN             NaN
  -0.1423748E-04   0.1564731E+04   0.1512830E+04   0.0000000E+00   0.0000000E+00  -0.5329277E-03   0.4825204E+06  -0.2547346E-05   0.1317029E-05             NaN             NaN
  -0.1447003E-04   0.1530977E+04   0.1480195E+04   0.0000000E+00   0.0000000E+00  -0.5257618E-03   0.4932516E+06  -0.2257777E-05  -0.1593467E-05             NaN             NaN
  -0.1470259E-04   0.1474055E+04   0.1425162E+04   0.0000000E+00   0.0000000E+00  -0.5215276E-03   0.5192337E+06  -0.1701664E-05  -0.2611325E-05             NaN             NaN
  -0.1493515E-04   0.1477796E+04   0.1428779E+04   0.0000000E+00   0.0000000E+00  -0.5108961E-03   0.5167149E+06   0.8287664E-06  -0.7474197E-06             NaN             NaN
  -0.1516771E-04   0.1472135E+04   0.1423306E+04   0.0000000E+00   0.0000000E+00  -0.5030273E-03   0.5207536E+06   0.1318113E-05   0.1087182E-05             NaN             NaN
  -0.1540026E-04   0.1493847E+04   0.1444297E+04   0.0000000E+00   0.0000000E+00  -0.4957374E-03   0.5239982E+06   0.2547279E-05  -0.1180638E-05             NaN             NaN
  -0.1563282E-04   0.1446130E+04   0.1398162E+04   0.0000000E+00   0.0000000E+00  -0.4862410E-03   0.5220705E+06  -0.1694135E-05   0.1762104E-05             NaN             NaN
  -0.1586538E-04   0.1452832E+04   0.1404643E+04   0.0000000E+00   0.0000000E+00  -0.4798581E-03   0.5329359E+06  -0.9834959E-06   0.2784716E-06             NaN             NaN
  -0.1609794E-04   0.1522236E+04   0.1471744E+04   0.0000000E+00   0.0000000E+00  -0.4694319E-03   0.5119179E+06  -0.1191556E-06  -0.1602502E-05             NaN             NaN
  -0.1633050E-04   0.1544542E+04   0.1493311E+04   0.0000000E+00   0.0000000E+00  -0.4627588E-03   0.5239782E+06   0.1390707E-05  -0.1899562E-05             NaN             NaN
  -0.1656305E-04   0.1589618E+04   0.1536892E+04   0.0000000E+00   0.0000000E+00  -0.4542373E-03   0.5253395E+06  -0.8726093E-07  -0.3308069E-05             NaN             NaN
  -0.1679561E-04   0.1633204E+04   0.1579032E+04   0.0000000E+00   0.0000000E+00  -0.4428006E-03   0.5049448E+06   0.7996508E-06  -0.8120173E-06             NaN             NaN
  -0.1702817E-04   0.1717778E+04   0.1660801E+04   0.0000000E+00   0.0000000E+00  -0.4377330E-03   0.5337646E+06   0.1987573E-05  -0.1952897E-06             NaN             NaN
  -0.1726073E-04   0.1796462E+04   0.1736875E+04   0.0000000E+00   0.0000000E+00  -0.4207020E-03   0.4754385E+06   0.2132037E-05  -0.1196798E-05             NaN             NaN
  -0.1749328E-04   0.1918768E+04   0.1855124E+04   0.0000000E+00   0.0000000E+00  -0.4101055E-03   0.4717568E+06   0.1262353E-05  -0.1478773E-05             NaN             NaN
  -0.1772584E-04   0.2070063E+04   0.2001400E+04   0.0000000E+00   0.0000000E+00  -0.3978961E-03   0.4678986E+06  -0.4837927E-06  -0.5589201E-06             NaN             NaN
  -0.1795840E-04   0.2204631E+04   0.2131505E+04   0.0000000E+00   0.0000000E+00  -0.3854962E-03   0.4599568E+06  -0.7314254E-06  -0.1207427E-05             NaN             NaN
  -0.1819096E-04   0.2305708E+04   0.2229230E+04   0.0000000E+00   0.0000000E+00  -0.3668217E-03   0.4048524E+06   0.1235770E-05  -0.2560067E-05             NaN             NaN
  -0.1842352E-04   0.2529749E+04   0.2445840E+04   0.0000000E+00   0.0000000E+00  -0.3548399E-03   0.4510875E+06  -0.3087107E-06   0.5413068E-06             NaN             NaN
  -0.1865607E-04   0.2679176E+04   0.2590309E+04   0.0000000E+00   0.0000000E+00  -0.3387645E-03   0.4375472E+06  -0.1028804E-05   0.2332421E-06             NaN             NaN
  -0.1888863E-04   0.2748402E+04   0.2657240E+04   0.0000000E+00   0.0000000E+00  -0.3211343E-03   0.4285301E+06  -0.1485216E-05   0.1381088E-05             NaN             NaN
  -0.1912119E-04   0.2925891E+04   0.2828841E+04   0.0000000E+00   0.0000000E+00  -0.3016957E-03   0.4301733E+06   0.1364330E-05   0.8649025E-06             NaN             NaN
  -0.1935375E-04   0.2988605E+04   0.2889475E+04   0.0000000E+00   0.0000000E+00  -0.2818448E-03   0.4372733E+06   0.2361081E-05  -0.5128438E-06             NaN             NaN
  -0.1958630E-04   0.3028437E+04   0.2927986E+04   0.0000000E+00   0.0000000E+00  -0.2626101E-03   0.4578597E+06  -0.9323415E-06  -0.2003754E-05             NaN             NaN
  -0.1981886E-04   0.2960479E+04   0.2862282E+04   0.0000000E+00   0.0000000E+00  -0.2401567E-03   0.4260907E+06   0.4797167E-06  -0.1494642E-05             NaN             NaN
  -0.2005142E-04   0.2862836E+04   0.2767878E+04   0.0000000E+00   0.0000000E+00  -0.2219491E-03   0.4862625E+06   0.1672549E-06  -0.6863233E-06             NaN             NaN
  -0.2028398E-04   0.2755867E+04   0.2664457E+04   0.0000000E+00   0.0000000E+00  -0.2034804E-03   0.5248823E+06   0.3332933E-06   0.9426002E-06             NaN             NaN
  -0.2051654E-04   0.2523246E+04   0.2439551E+04   0.0000000E+00   0.0000000E+00  -0.1789780E-03   0.4974847E+06   0.1675237E-07   0.1291129E-05             NaN             NaN
  -0.2074909E-04   0.2237013E+04   0.2162813E+04   0.0000000E+00   0.0000000E+00  -0.1553402E-03   0.4685155E+06  -0.3235914E-06   0.7291167E-06             NaN             NaN
  -0.2098165E-04   0.2065384E+04   0.1996877E+04   0.0000000E+00   0.0000000E+00  -0.1346984E-03   0.4479583E+06  -0.2309410E-08   0.1322051E-05             NaN             NaN
  -0.2121421E-04   0.1950668E+04   0.1885966E+04   0.0000000E+00   0.0000000E+00  -0.1194890E-03   0.5593776E+06   0.2145792E-05   0.1317009E-05             NaN             NaN
  -0.2144677E-04   0.1860420E+04   0.1798711E+04   0.0000000E+00   0.0000000E+00  -0.9932772E-04   0.5618083E+06   0.2547975E-05   0.1639488E-05             NaN             NaN
  -0.2167932E-04   0.1740859E+04   0.1683116E+04   0.0000000E+00   0.0000000E+00  -0.7573907E-04   0.5265434E+06  -0.1348236E-06   0.1586046E-05             NaN             NaN
  -0.2191188E-04   0.1689144E+04   0.1633116E+04   0.0000000E+00   0.0000000E+00  -0.5008720E-04   0.5033989E+06  -0.1597444E-06   0.6554845E-06             NaN             NaN
  -0.2214444E-04   0.1689751E+04   0.1633704E+04   0.0000000E+00   0.0000000E+00  -0.2909534E-04   0.5205199E+06   0.4295841E-06  -0.5239711E-08             NaN             NaN
  -0.2237700E-04   0.1524543E+04   0.1473975E+04   0.0000000E+00   0.0000000E+00  -0.7379678E-05   0.5986918E+06  -0.1426967E-05  -0.2858308E-05             NaN             NaN
  -0.2260956E-04   0.1422139E+04   0.1374968E+04   0.0000000E+00   0.0000000E+00   0.1868379E-04   0.6185994E+06  -0.1379866E-05   0.1350788E-05             NaN             NaN
  -0.2284211E-04   0.1348737E+04   0.1304000E+04   0.0000000E+00   0.0000000E+00   0.5405458E-04   0.5748229E+06   0.3215475E-06   0.1026638E-05             NaN             NaN
  -0.2307467E-04   0.1320050E+04   0.1276265E+04   0.0000000E+00   0.0000000E+00   0.7921161E-04   0.7027769E+06  -0.1767486E-05  -0.1941691E-05             NaN             NaN
  -0.2330723E-04   0.1201980E+04   0.1162111E+04   0.0000000E+00   0.0000000E+00   0.1191788E-03   0.7349802E+06  -0.2543240E-05   0.4901049E-06             NaN             NaN
  -0.2353979E-04   0.1092036E+04   0.1055814E+04   0.0000000E+00   0.0000000E+00   0.1563990E-03   0.6957171E+06  -0.1427965E-05   0.3744530E-05             NaN             NaN
  -0.2377234E-04   0.9189814E+03   0.8884994E+03   0.0000000E+00   0.0000000E+00   0.1925650E-03   0.8428840E+06  -0.2819657E-05   0.1412290E-05             NaN             NaN
  -0.2400490E-04   0.7520154E+03   0.7270716E+03   0.0000000E+00   0.0000000E+00   0.2451964E-03   0.8501285E+06   0.1137821E-05   0.1366285E-05             NaN             NaN
  -0.2423746E-04   0.5855919E+03   0.5661682E+03   0.0000000E+00   0.0000000E+00   0.2995784E-03   0.9746448E+06  -0.5162983E-06  -0.1352197E-05             NaN             NaN
  -0.2447002E-04   0.4200493E+03   0.4061165E+03   0.0000000E+00   0.0000000E+00   0.3475319E-03   0.1050697E+07  -0.3524109E-05   0.4814179E-06             NaN             NaN
  -0.2470258E-04   0.3299864E+03   0.3190410E+03   0.0000000E+00   0.0000000E+00   0.4057763E-03   0.1147130E+07   0.1689876E-05  -0.5452816E-05             NaN             NaN
  -0.2493513E-04   0.2210360E+03   0.2137044E+03   0.0000000E+00   0.0000000E+00   0.4904098E-03   0.1073855E+07  -0.1872605E-06  -0.1501012E-05             NaN             NaN
  -0.2516769E-04   0.1848260E+03   0.1786955E+03   0.0000000E+00   0.0000000E+00   0.5690136E-03   0.1100499E+07   0.3634773E-05   0.4323755E-05             NaN             NaN
  -0.2540025E-04   0.1440761E+03   0.1392972E+03   0.0000000E+00   0.0000000E+00   0.6358089E-03   0.1463393E+07   0.3905374E-05   0.3387481E-05             NaN             NaN
  -0.2563281E-04   0.8630429E+02   0.8344164E+02   0.0000000E+00   0.0000000E+00   0.5798052E-03   0.2475076E+07   0.9463975E-05   0.3530830E-05             NaN             NaN
  -0.2586536E-04   0.4280937E+02   0.4138942E+02   0.0000000E+00   0.0000000E+00   0.5103996E-03   0.3051565E+07   0.2778778E-05  -0.5080540E-05             NaN             NaN
  -0.2609792E-04   0.1226317E+02   0.1185641E+02   0.0000000E+00   0.0000000E+00  -0.2155305E-03   0.4099881E+07   0.2745467E-04  -0.9003157E-05             NaN             NaN
  -0.2633048E-04   0.4524524E+01   0.4374449E+01   0.0000000E+00   0.0000000E+00  -0.1595957E-02   0.3129171E+07   0.9914224E-05  -0.4091178E-05             NaN             NaN
  -0.2656304E-04   0.4678199E+01   0.4523027E+01   0.0000000E+00   0.0000000E+00  -0.1901696E-02   0.2980205E+06  -0.6963857E-04   0.4784717E-05             NaN             NaN
  -0.2679559E-04   0.2042185E+01   0.1974448E+01   0.0000000E+00   0.0000000E+00  -0.1904064E-02   0.6784542E+05   0.4136198E-04  -0.1934548E-04             NaN             NaN
  -0.2702815E-04   0.3722679E+01   0.3599200E+01   0.0000000E+00   0.0000000E+00  -0.1902469E-02   0.4164236E+05   0.6329639E-05   0.1171376E-04             NaN             NaN
  -0.2726071E-04   0.1508271E+01   0.1458243E+01   0.0000000E+00   0.0000000E+00  -0.1901947E-02   0.6847989E+05   0.4560213E-04   0.3093177E-04             NaN             NaN
  -0.2749327E-04   0.2200949E+01   0.2127945E+01   0.0000000E+00   0.0000000E+00  -0.1910038E-02   0.4869433E+05  -0.6834582E-04  -0.2574337E-04             NaN             NaN
  -0.2772583E-04   0.4191999E+01   0.4052953E+01   0.0000000E+00   0.0000000E+00  -0.1913905E-02   0.3761428E+05   0.2214498E-04  -0.1167459E-04             NaN             NaN
  -0.2795838E-04   0.3005457E+01   0.2905768E+01   0.0000000E+00   0.0000000E+00  -0.1906993E-02   0.4389778E+05   0.6824802E-05  -0.1093408E-04             NaN             NaN
  -0.2819094E-04   0.2060330E+01   0.1991991E+01   0.0000000E+00   0.0000000E+00  -0.1908151E-02   0.3044430E+05  -0.2050018E-04   0.9889881E-04             NaN             NaN
  -0.2842350E-04   0.3454521E+01   0.3339937E+01   0.0000000E+00   0.0000000E+00  -0.1916834E-02   0.2844263E+05  -0.7937720E-04   0.8013890E-04             NaN             NaN
  -0.2865606E-04   0.1683879E+01   0.1628026E+01   0.0000000E+00   0.0000000E+00  -0.1932198E-02   0.2776573E+05  -0.5989738E-04  -0.4395945E-04             NaN             NaN
  -0.2888861E-04   0.2500551E+01   0.2417609E+01   0.0000000E+00   0.0000000E+00  -0.1917220E-02   0.3021526E+05   0.6663748E-04  -0.3486043E-05             NaN             NaN
  -0.2912117E-04   0.1934306E+01   0.1870146E+01   0.0000000E+00   0.0000000E+00  -0.1915078E-02   0.2673842E+05   0.4352863E-04   0.1536019E-04             NaN             NaN
  -0.2935373E-04   0.1968009E+01   0.1902731E+01   0.0000000E+00   0.0000000E+00  -0.1930165E-02   0.3795601E+05   0.1859243E-04  -0.8163242E-05             NaN             NaN
  -0.2958629E-04   0.0000000E+00   0.0000000E+00   0.0000000E+00   0.0000000E+00  -0.0000000E+00             NaN   0.0000000E+00   0.0000000E+00   0.0000000E+00   0.0000000E+00
  -0.2981885E-04   0.2683572E+00   0.2594560E+00   0.0000000E+00   0.0000000E+00  -0.1928850E-02   0.7533627E+04  -0.6586392E-05   0.5330395E-04             NaN             NaN
  -0.3005140E-04   0.1731643E+01   0.1674205E+01   0.0000000E+00   0.0000000E+00  -0.1929674E-02   0.7533627E+04  -0.1329483E-04   0.5247803E-04             NaN             NaN
  -0.3028396E-04   0.0000000E+00   0.0000000E+00   0.0000000E+00   0.0000000E+00  -0.0000000E+00             NaN   0.0000000E+00   0.0000000E+00   0.0000000E+00   0.0000000E+00
  -0.3051652E-04   0.3277475E+00   0.3168764E+00   0.0000000E+00   0.0000000E+00  -0.1946131E-02   0.3174004E+04   0.4960665E-04   0.4938604E-04             NaN             NaN
  -0.3074908E-04   0.1672252E+01   0.1616785E+01   0.0000000E+00   0.0000000E+00  -0.1946424E-02   0.3174004E+04   0.7971934E-04   0.5123414E-04             NaN             NaN
  -0.3098163E-04   0.1605175E+01   0.1551932E+01   0.0000000E+00   0.0000000E+00  -0.1958063E-02   0.3514709E+05  -0.4924519E-04   0.5654312E-04             NaN             NaN
  -0.3121419E-04   0.1394825E+01   0.1348560E+01   0.0000000E+00   0.0000000E+00  -0.1940335E-02   0.1864779E+05   0.4165649E-04   0.6505197E-05             NaN             NaN
  -0.3144675E-04   0.0000000E+00   0.0000000E+00   0.0000000E+00   0.0000000E+00  -0.0000000E+00             NaN   0.0000000E+00   0.0000000E+00   0.0000000E+00   0.0000000E+00
  -0.3167931E-04   0.0000000E+00   0.0000000E+00   0.0000000E+00   0.0000000E+00  -0.0000000E+00             NaN   0.0000000E+00   0.0000000E+00   0.0000000E+00   0.0000000E+00
  -0.3191187E-04   0.0000000E+00   0.0000000E+00   0.0000000E+00   0.0000000E+00  -0.0000000E+00             NaN   0.0000000E+00   0.0000000E+00   0.0000000E+00   0.0000000E+00
  -0.3214442E-04   0.1464177E+00   0.1415611E+00   0.0000000E+00   0.0000000E+00  -0.1949771E-02   0.5078960E+04   0.6307837E-04  -0.7412350E-04             NaN             NaN
  -0.3237698E-04   0.1576780E+01   0.1524479E+01   0.0000000E+00   0.0000000E+00  -0.1948070E-02   0.5078960E+04   0.2696891E-04  -0.3795130E-04             NaN             NaN
  -0.3260954E-04   0.2768023E+00   0.2676210E+00   0.0000000E+00   0.0000000E+00  -0.1946064E-02   0.5078960E+04  -0.1565069E-04   0.4742342E-05             NaN             NaN
  -0.3284210E-04   0.0000000E+00   0.0000000E+00   0.0000000E+00   0.0000000E+00  -0.0000000E+00             NaN   0.0000000E+00   0.0000000E+00   0.0000000E+00   0.0000000E+00
  -0.3307465E-04   0.0000000E+00   0.0000000E+00   0.0000000E+00   0.0000000E+00  -0.0000000E+00             NaN   0.0000000E+00   0.0000000E+00   0.0000000E+00   0.0000000E+00
  -0.3330721E-04   0.0000000E+00   0.0000000E+00   0.0000000E+00   0.0000000E+00  -0.0000000E+00             NaN   0.0000000E+00   0.0000000E+00   0.0000000E+00   0.0000000E+00
  -0.3353977E-04   0.7634564E+00   0.7381332E+00   0.0000000E+00   0.0000000E+00  -0.1955436E-02   0.0000000E+00  -0.3434148E-04   0.3792780E-04             NaN             NaN
  -0.3377233E-04   0.2365436E+00   0.2286976E+00   0.0000000E+00   0.0000000E+00  -0.1955436E-02   0.0000000E+00  -0.3434148E-04   0.3792780E-04             NaN             NaN
  -0.3400489E-04   0.0000000E+00   0.0000000E+00   0.0000000E+00   0.0000000E+00  -0.0000000E+00             NaN   0.0000000E+00   0.0000000E+00   0.0000000E+00   0.0000000E+00
  -0.3423744E-04   0.0000000E+00   0.0000000E+00   0.0000000E+00   0.0000000E+00  -0.0000000E+00             NaN   0.0000000E+00   0.0000000E+00   0.0000000E+00   0.0000000E+00
  -0.3447000E-04   0.0000000E+00   0.0000000E+00   0.0000000E+00   0.0000000E+00  -0.0000000E+00             NaN   0.0000000E+00   0.0000000E+00   0.0000000E+00   0.0000000E+00
  -0.3470256E-04   0.0000000E+00   0.0000000E+00   0.0000000E+00   0.0000000E+00  -0.0000000E+00             NaN   0.0000000E+00   0.0000000E+00   0.0000000E+00   0.0000000E+00
  -0.3493512E-04   0.0000000E+00   0.0000000E+00   0.0000000E+00   0.0000000E+00  -0.0000000E+00             NaN   0.0000000E+00   0.0000000E+00   0.0000000E+00   0.0000000E+00
  -0.3516767E-04   0.0000000E+00   0.0000000E+00   0.0000000E+00   0.0000000E+00  -0.0000000E+00             NaN   0.0000000E+00   0.0000000E+00   0.0000000E+00   0.0000000E+00
  -0.3540023E-04   0.0000000E+00   0.0000000E+00   0.0000000E+00   0.0000000E+00  -0.0000000E+00             NaN   0.0000000E+00   0.0000000E+00   0.0000000E+00   0.0000000E+00
  -0.3563279E-04   0.0000000E+00   0.0000000E+00   0.0000000E+00   0.0000000E+00  -0.0000000E+00             NaN   0.0000000E+00   0.0000000E+00   0.0000000E+00   0.0000000E+00
  -0.3586535E-04   0.0000000E+00   0.0000000E+00   0.0000000E+00   0.0000000E+00  -0.0000000E+00             NaN   0.0000000E+00   0.0000000E+00   0.0000000E+00   0.0000000E+00
  -0.3609791E-04   0.0000000E+00   0.0000000E+00   0.0000000E+00   0.0000000E+00  -0.0000000E+00             NaN   0.0000000E+00   0.0000000E+00   0.0000000E+00   0.0000000E+00
  -0.3633046E-04   0.0000000E+00   0.0000000E+00   0.0000000E+00   0.0000000E+00  -0.0000000E+00             NaN   0.0000000E+00   0.0000000E+00   0.0000000E+00   0.0000000E+00
  -0.3656302E-04   0.0000000E+00   0.0000000E+00   0.0000000E+00   0.0000000E+00  -0.0000000E+00             NaN   0.0000000E+00   0.0000000E+00   0.0000000E+00   0.0000000E+00
  -0.3679558E-04   0.0000000E+00   0.0000000E+00   0.0000000E+00   0.0000000E+00  -0.0000000E+00             NaN   0.0000000E+00   0.0000000E+00   0.0000000E+00   0.0000000E+00
  -0.3702814E-04   0.0000000E+00   0.0000000E+00   0.0000000E+00   0.0000000E+00  -0.0000000E+00             NaN   0.0000000E+00   0.0000000E+00   0.0000000E+00   0.0000000E+00
  -0.3726069E-04   0.0000000E+00   0.0000000E+00   0.0000000E+00   0.0000000E+00  -0.0000000E+00             NaN   0.0000000E+00   0.0000000E+00   0.0000000E+00   0.0000000E+00
  -0.3749325E-04   0.0000000E+00   0.0000000E+00   0.0000000E+00   0.0000000E+00  -0.0000000E+00             NaN   0.0000000E+00   0.0000000E+00   0.0000000E+00   0.0000000E+00
  -0.3772581E-04   0.9765760E+00   0.9441837E+00   0.0000000E+00   0.0000000E+00  -0.2002991E-02   0.0000000E+00   0.3562787E-04  -0.8146037E-04             NaN             NaN
  -0.3795837E-04   0.2342397E-01   0.2264702E-01   0.0000000E+00   0.0000000E+00  -0.2002991E-02   0.0000000E+00   0.3562787E-04  -0.8146037E-04             NaN             NaN
  -0.3819093E-04   0.0000000E+00   0.0000000E+00   0.0000000E+00   0.0000000E+00  -0.0000000E+00             NaN   0.0000000E+00   0.0000000E+00   0.0000000E+00   0.0000000E+00
  -0.3842348E-04   0.0000000E+00   0.0000000E+00   0.0000000E+00   0.0000000E+00  -0.0000000E+00             NaN   0.0000000E+00   0.0000000E+00   0.0000000E+00   0.0000000E+00
  -0.3865604E-04   0.0000000E+00   0.0000000E+00   0.0000000E+00   0.0000000E+00  -0.0000000E+00             NaN   0.0000000E+00   0.0000000E+00   0.0000000E+00   0.0000000E+00
  -0.3888860E-04   0.0000000E+00   0.0000000E+00   0.0000000E+00   0.0000000E+00  -0.0000000E+00             NaN   0.0000000E+00   0.0000000E+00   0.0000000E+00   0.0000000E+00
  -0.3912116E-04   0.0000000E+00   0.0000000E+00   0.0000000E+00   0.0000000E+00  -0.0000000E+00             NaN   0.0000000E+00   0.0000000E+00   0.0000000E+00   0.0000000E+00
  -0.3935371E-04   0.0000000E+00   0.0000000E+00   0.0000000E+00   0.0000000E+00  -0.0000000E+00             NaN   0.0000000E+00   0.0000000E+00   0.0000000E+00   0.0000000E+00
  -0.3958627E-04   0.0000000E+00   0.0000000E+00   0.0000000E+00   0.0000000E+00  -0.0000000E+00             NaN   0.0000000E+00   0.0000000E+00   0.0000000E+00   0.0000000E+00
  -0.3981883E-04   0.0000000E+00   0.0000000E+00   0.0000000E+00   0.0000000E+00  -0.0000000E+00             NaN   0.0000000E+00   0.0000000E+00   0.0000000E+00   0.0000000E+00
  -0.4005139E-04   0.0000000E+00   0.0000000E+00   0.0000000E+00   0.0000000E+00  -0.0000000E+00             NaN   0.0000000E+00   0.0000000E+00   0.0000000E+00   0.0000000E+00
  -0.4028395E-04   0.6349936E-03   0.6139314E-03   0.0000000E+00   0.0000000E+00  -0.2023193E-02   0.0000000E+00  -0.4645658E-04   0.1451655E-03             NaN             NaN
  -0.4051650E-04   0.9993650E+00   0.9662168E+00   0.0000000E+00   0.0000000E+00  -0.2023193E-02   0.0000000E+00  -0.4645658E-04   0.1451655E-03             NaN             NaN
