 !=================== 
 ! control section 
 !=================== 
 1 1 
 6 200000 1 0 1 
 64 64 64 1 0.014 0.014 0.10 
 2 0 0 1 
 200000 
 0.0035786249999999998 
 -1.956943332791912e-06 
 7.831054126877617e-05 0.0 0.0 1.0 1.0 0.0 0.0 
 7.831054126877617e-05 0.0 0.0 1.0 1.0 0.0 0.0 
 0.00010000453765775252 0.0 0.0 1.0 1.0 0.0 0.0 
 0.0035786249999999998 100000000.0 511001.0 -1.0 47715000.0 0.0 
 4 1 1 1 
 !=================== 
 ! lattice lines 
 !=================== 
 0 0 1000 -2 -20 / 
 0 0 11000 -8 128 / 
 0 0 1 -41 1.0 -1 25 0.0066 0.014995 0.017495 1 1 / 
 2 1 2 0 0.014 -1 / 
 0 0 1 -41 1.0 -1 -1 0 0 0 0 0 / 
 0.2 5 1 5 0.1 0 75 0.014 0 0 0 0 0 0 0 0 0 0 1 1 / 
 2 1 2 0 0.014 -1 / 
 0 0 1001 -2 -20 / 
 0 0 11001 -8 128 / 
