  0.1381374E-07
  0.1406872E-07
  0.1543622E-07
  0.1761814E-07
  0.2198440E-07
  0.2685796E-07
  0.2900410E-07
  0.3092438E-07
  0.3842937E-07
  0.5252649E-07
  0.6044895E-07
  0.7209853E-07
  0.9340226E-07
  0.1205110E-06
  0.1542943E-06
  0.1864580E-06
  0.2121010E-06
  0.2519087E-06
  0.3030108E-06
  0.3435679E-06
  0.3974623E-06
  0.4570298E-06
  0.4700993E-06
  0.4628751E-06
  0.4645223E-06
  0.4502963E-06
  0.4654435E-06
  0.4400772E-06
  0.3420116E-06
  0.2329344E-06
  0.1541047E-06
  0.1133093E-06
  -.2611437E-07
  -.1715257E-06
  -.2508236E-06
  -.3393596E-06
  -.3715055E-06
  -.4107322E-06
  -.4763695E-06
  -.5007709E-06
  -.5003654E-06
  -.4713288E-06
  -.4402141E-06
  -.4006206E-06
  -.3376171E-06
  -.3148823E-06
  -.2785443E-06
  -.2233639E-06
  -.1838901E-06
  -.1497274E-06
  -.1334743E-06
  -.1054080E-06
  -.7790823E-07
  -.6505551E-07
  -.5673314E-07
  -.4330026E-07
  -.3593682E-07
  -.3149391E-07
  -.2401634E-07
  -.2059642E-07
  -.1883522E-07
  -.1587704E-07
  -.1456864E-07
  -.1454831E-07
