  0.1561794E-03  0.7285859E-05  0.2077336E-05
  0.1617724E-03  0.8307056E-05  0.2141743E-05
  0.1738087E-03  0.9559833E-05  0.2211655E-05
  0.1877284E-03  0.1111727E-04  0.2287890E-05
  0.2038338E-03  0.1297317E-04  0.2369721E-05
  0.2217510E-03  0.1522724E-04  0.2469352E-05
  0.2412847E-03  0.1921368E-04  0.2570489E-05
  0.2638385E-03  0.2348860E-04  0.2711186E-05
  0.2840951E-03  0.2891248E-04  0.2846006E-05
  0.2965336E-03  0.3349418E-04  0.3007870E-05
  0.3067096E-03  0.4470951E-04  0.3196978E-05
  0.2930523E-03  0.4982157E-04  0.3399960E-05
  0.2529722E-03  0.5629099E-04  0.3659417E-05
  0.1955630E-03  0.6378602E-04  0.3768621E-05
  0.1287351E-03  0.5942525E-04  0.3830793E-05
  0.4331922E-04  0.6808894E-04  0.4160705E-05
  -.6148276E-04  0.7256566E-04  0.3929519E-05
  -.1532780E-03  0.7113257E-04  0.3787813E-05
  -.2241827E-03  0.6350328E-04  0.3557938E-05
  -.2681873E-03  0.5670151E-04  0.3267906E-05
  -.2963817E-03  0.5000529E-04  0.3119674E-05
  -.3017697E-03  0.4491737E-04  0.2941087E-05
  -.2907308E-03  0.3389404E-04  0.2835498E-05
  -.2777530E-03  0.2895984E-04  0.2743403E-05
  -.2571850E-03  0.2451175E-04  0.2638227E-05
  -.2361471E-03  0.1907562E-04  0.2551474E-05
  -.2167277E-03  0.1555329E-04  0.2458262E-05
  -.1986972E-03  0.1308446E-04  0.2379512E-05
  -.1833835E-03  0.1101667E-04  0.2298568E-05
  -.1703554E-03  0.9418419E-05  0.2224304E-05
  -.1587827E-03  0.8198829E-05  0.2154859E-05
  -.1533970E-03  0.7211602E-05  0.2089874E-05
