  0.3952404E-05  0.1678435E-03  0.2142801E-05
  0.4458325E-05  0.1736795E-03  0.2203149E-05
  0.5065556E-05  0.1862264E-03  0.2267463E-05
  0.5803740E-05  0.2003225E-03  0.2336469E-05
  0.6427077E-05  0.2161010E-03  0.2418754E-05
  0.7738303E-05  0.2331249E-03  0.2509984E-05
  0.8377438E-05  0.2536735E-03  0.2632000E-05
  0.9806197E-05  0.2734506E-03  0.2724592E-05
  0.1340066E-04  0.2888605E-03  0.2821013E-05
  0.1358516E-04  0.3008853E-03  0.2903754E-05
  0.1720485E-04  0.3065819E-03  0.3052100E-05
  0.2141819E-04  0.2964900E-03  0.3175786E-05
  0.2558564E-04  0.2642631E-03  0.3414270E-05
  0.2557001E-04  0.2184122E-03  0.3656747E-05
  0.2552097E-04  0.1552993E-03  0.3829269E-05
  0.4331922E-04  0.6808894E-04  0.4160705E-05
  0.3738943E-04  -.1278966E-04  0.4132923E-05
  0.2909673E-04  -.8812144E-04  0.3929708E-05
  0.2968938E-04  -.1740206E-03  0.4021437E-05
  0.3002865E-04  -.2372947E-03  0.3878441E-05
  0.2707186E-04  -.2780409E-03  0.3539028E-05
  0.1790667E-04  -.3025816E-03  0.3393167E-05
  0.2214739E-04  -.3036782E-03  0.3260411E-05
  0.1716520E-04  -.2994208E-03  0.2993533E-05
  0.1236326E-04  -.2863578E-03  0.2882759E-05
  0.1216907E-04  -.2650720E-03  0.2767213E-05
  0.1017865E-04  -.2472297E-03  0.2636786E-05
  0.8657939E-05  -.2288472E-03  0.2545149E-05
  0.7641549E-05  -.2114594E-03  0.2445817E-05
  0.6334330E-05  -.1964882E-03  0.2355671E-05
  0.5446339E-05  -.1829071E-03  0.2282298E-05
  0.4733571E-05  -.1763676E-03  0.2215511E-05
