  -.1391150E-09  0.1358051E-08  0.6050416E-06
  -.2188250E-07  0.6281711E-07  0.6225649E-06
  0.2344201E-07  -.2328910E-09  0.6848796E-06
  0.4075656E-07  -.1605225E-06  0.7772891E-06
  0.6393200E-07  -.2695769E-06  0.9432944E-06
  0.3988894E-06  -.1329194E-06  0.1126745E-05
  -.5420567E-06  0.3630734E-06  0.1228736E-05
  -.4152930E-06  0.1893933E-08  0.1332211E-05
  -.5604457E-07  0.5693798E-06  0.1629982E-05
  0.2378847E-06  0.6782944E-06  0.2156030E-05
  0.4972961E-06  0.1592251E-06  0.2477252E-05
  0.6115596E-07  0.1426601E-05  0.2944831E-05
  0.6300415E-07  0.1703252E-05  0.3741321E-05
  -.6712946E-06  0.9950630E-06  0.4755775E-05
  0.1903242E-05  0.3551678E-05  0.6011958E-05
  0.2985235E-06  0.9644027E-05  0.7228735E-05
  0.6050808E-05  0.1089333E-04  0.8226952E-05
  0.3264777E-05  0.1291793E-04  0.9693159E-05
  0.6974659E-05  0.1247952E-04  0.1160445E-04
  0.8423967E-05  0.1756807E-04  0.1311519E-04
  0.4668816E-05  0.1816189E-04  0.1503609E-04
  0.1177270E-04  0.2475948E-04  0.1721499E-04
  0.1336138E-04  0.3493880E-04  0.1769547E-04
  0.1309077E-04  0.4695349E-04  0.1747469E-04
  0.2227543E-04  0.4672971E-04  0.1751390E-04
  0.2596632E-04  0.5672549E-04  0.1701414E-04
  0.3032766E-04  0.5824665E-04  0.1749182E-04
  0.2584337E-04  0.7103738E-04  0.1638231E-04
  0.3270636E-04  0.6637900E-04  0.1279697E-04
  0.3464392E-04  0.7366526E-04  0.8796031E-05
  0.3525551E-04  0.6442700E-04  0.5912266E-05
  0.4331922E-04  0.6808894E-04  0.4160705E-05
  0.3994146E-04  0.8038429E-04  -.1106348E-05
  0.4523577E-04  0.7830759E-04  -.6402697E-05
  0.4034136E-04  0.6369780E-04  -.9320191E-05
  0.2521816E-04  0.6542457E-04  -.1264475E-04
  0.2575937E-04  0.6977130E-04  -.1402515E-04
  0.3046838E-04  0.6620701E-04  -.1554123E-04
  0.2935989E-04  0.5345886E-04  -.1791323E-04
  0.2360664E-04  0.5364360E-04  -.1877073E-04
  0.2743581E-04  0.3547957E-04  -.1879035E-04
  0.2455417E-04  0.3568543E-04  -.1776873E-04
  0.1717796E-04  0.2515800E-04  -.1661477E-04
  0.1441605E-04  0.2660606E-04  -.1516313E-04
  0.9426235E-05  0.1548004E-04  -.1294535E-04
  0.4759680E-05  0.1297611E-04  -.1200276E-04
  0.7160812E-05  0.1415714E-04  -.1063104E-04
  0.4742201E-05  0.8348082E-05  -.8662662E-05
  0.2677523E-05  0.5041071E-05  -.7169130E-05
  0.2265972E-05  0.4761933E-05  -.5872298E-05
  0.2570611E-05  0.4021487E-05  -.5212202E-05
  0.1092343E-05  0.1282905E-05  -.4174225E-05
  0.1131446E-05  -.9087126E-06  -.3164128E-05
  -.1238454E-05  0.9501600E-07  -.2658976E-05
  0.1063754E-06  0.2495492E-06  -.2310198E-05
  0.3994485E-06  -.1204879E-06  -.1812953E-05
  -.1117608E-07  -.4049107E-06  -.1513285E-05
  -.1340891E-06  0.5297643E-06  -.1321952E-05
  -.7695214E-07  -.3140952E-07  -.1042635E-05
  -.1073875E-06  0.3023427E-06  -.9004618E-06
  -.3580025E-08  0.1218935E-06  -.8196728E-06
  0.5898267E-07  0.3391793E-07  -.7021514E-06
  -.2199508E-07  -.2394407E-06  -.6427119E-06
  0.3146533E-09  0.7229443E-09  -.6364446E-06
