 !=================== 
 ! control section 
 !=================== 
 1 1 
 6 80099 1 0 1 
 32 32 64 1 0.014 0.014 0.10 
 19 0 0 1 
 80099 
 0.0035786249999999998 
 -1.956943332791912e-06 
 8.87508800699973e-05 0.0 0.0 1.0 1.0 0.0 0.0 
 8.877088071904178e-05 0.0 0.0 1.0 1.0 0.0 0.0 
 0.0003800155842567063 0.003913886665583824 0.0 1.0 1.0 0.0 0.0 
 0.0035786249999999998 123000000.0 511001.0 -1.0 47715000.0 0.0 
 1 1 1 1 
 !=================== 
 ! lattice lines 
 !=================== 
 0.200198009865 3 1 4 -0.07696902001294993 0.0 250 0.014 0.0 -0.07696902001294993 0.0 0.0 0.3893 0.0 0.0 0.0 0.0 0.0 0 1 / 
