 5923786.036024664
 4271128.204180468
 363842.1123957894
 1453188.599886063
 249554.7241418146
 -40872.72145814908
 -11426.67056552673
 -260671.1496317997
 -94720.08783396134
 -89281.88406370147
 -42699.06190762297
 15800.14909673539
 8075.043028197052
 23337.63597611969
 17352.08897640521
 3715.668057924242
 6694.416010698806
 -1858.714586546010
 -2440.783682226423
 -3988.793051286943
 -2018.400244295645
 -1973.641459126391
 -959.4441223070154
 493.3445108324873
 -2451.211192598105
 1345.377247048658
 952.0169422585820
 2794.715861932181
 3017.538289027271
 877.6122145667639
 -1154.726506088089
 -1913.470627953051
 -1106.635601849341
 -332.6415455253727
 1077.235078175370
 -69.07110379322933
 -1550.256907917753
 -1656.827673196962
 -1048.667337786442
 -416.4018107675122
 1068.144624103373
 1625.924555692547
 2224.605059129925
 172.9971296738270
 745.2687181272124
 617.6027427186490
 -1967.208282779535
 520.6410059909746
 -132.4233621711678
 -520.4183985565999
 -132.4942850795723
 -617.1379110887366
 -1966.934459785067
 -172.3846910757482
 746.3514726433465
 -1625.688130798530
 2225.874226355075
 415.8641390207198
 1068.112750739198
