 !=================== 
 ! control section 
 !=================== 
 4 4 
 6 2000 1 0 1 
 64 64 256 1  0.014 0.014 0.10 
 46 0 0 1 
 2000 
 0.002856 
 -1.9569471624266145e-06 
 0.1e-3 1.0e-3 0.0 1.0 1.0 0.0 0.0 
 0.1e-3 1.0e-3 0.0 1.0 1.0 0.0 0.0 
 1.0e-3 0.0019569471624266144 0.0 1.0 1.0 0.0 0.0 
 0.002856 100 0.511e6 -1.0 2.856e9 0.0 
 !=================== 
 ! lattice lines 
 !=================== 
 0 0 1000 -2 -1 / 
 0 0 2000 -8 128 / 
 100 1 1 0 0.014 -1 / 
 0.0 1 1 4 1.0 0.0 250 0.014 0.0 0.0 0.0 0.0 0.0 0.0 0.0 0.0 0.0 0.0 / 
 0.0 1 1 4 1.0 0.0 25 0.014 0.0 0.0 0.0 0.0 0.0 0.0 0.0 0.0 0.0 0.0 / 
 0.0 1 1 4 1.0 0.0 25 0.014 0.0 0.0 0.0 0.0 0.0 0.0 0.0 0.0 0.0 0.0 / 
 0.0 1 1 4 1.0 0.0 25 0.014 0.0 0.0 0.0 0.0 0.0 0.0 0.0 0.0 0.0 0.0 / 
 0.0 1 1 4 1.0 0.0 250 0.014 0.0 0.0 0.0 0.0 0.0 0.0 0.0 0.0 0.0 0.0 / 
 0.0 1 1 4 1.0 0.0 25 0.014 0.0 0.0 0.0 0.0 0.0 0.0 0.0 0.0 0.0 0.0 / 
 0.0 1 1 4 1.0 0.0 25 0.014 0.0 0.0 0.0 0.0 0.0 0.0 0.0 0.0 0.0 0.0 / 
 0.0 1 1 4 1.0 0.0 25 0.014 0.0 0.0 0.0 0.0 0.0 0.0 0.0 0.0 0.0 0.0 / 
 0.0 1 1 4 1.0 0.0 250 0.014 0.0 0.0 0.0 0.0 0.0 0.0 0.0 0.0 0.0 0.0 / 
 0.0 1 1 4 1.0 0.0 25 0.014 0.0 0.0 0.0 0.0 0.0 0.0 0.0 0.0 0.0 0.0 / 
 0.0 1 1 4 1.0 0.0 25 0.014 0.0 0.0 0.0 0.0 0.0 0.0 0.0 0.0 0.0 0.0 / 
 0.0 1 1 4 1.0 0.0 25 0.014 0.0 0.0 0.0 0.0 0.0 0.0 0.0 0.0 0.0 0.0 / 
 0.0 1 1 4 1.0 0.0 250 0.014 0.0 0.0 0.0 0.0 0.0 0.0 0.0 0.0 0.0 0.0 / 
 0.0 1 1 4 1.0 0.0 25 0.014 0.0 0.0 0.0 0.0 0.0 0.0 0.0 0.0 0.0 0.0 / 
 0.0 1 1 4 1.0 0.0 25 0.014 0.0 0.0 0.0 0.0 0.0 0.0 0.0 0.0 0.0 0.0 / 
 0.0 1 1 4 1.0 0.0 25 0.014 0.0 0.0 0.0 0.0 0.0 0.0 0.0 0.0 0.0 0.0 / 
 0 0 1 -41 1.0 41 5 / 
 0.1 1 1 103 0.0 2856000000.0 -90.0 -0.5 / 
 0 0 1 -41 1.0 41 -1 / 
 100 1 1 0 0.014 -1 / 
 0 0 1001 -2 -1 / 
 0 0 2001 -8 128 / 
