 !=================== 
 ! control section 
 !=================== 
 1 1 
 6 10000 1 0 1 
 64 64 64 1 0.014 0.014 0.10 
 45 0 0 1 
 10000 
 0.0035786249999999998 
 -1.956943332791912e-06 
 7.831021688290687e-05 0.0019155210367752021 0.0 1.0 1.0 0.0 0.0 
 7.831021688290687e-05 0.0019155210367752021 0.0 1.0 1.0 0.0 0.0 
 0.00010000455090047511 0.009784716663959562 0.0 1.0 1.0 0.0 0.0 
 0.0035786249999999998 99488999.0 511001.0 -1.0 47715000.0 0.0 
 4 1 1 1 
 !=================== 
 ! lattice lines 
 !=================== 
 0 0 1 -41 1.0 42 25 / 
 0.9164755 1 1 103 5641371.402118213 35982600000 -180.0 -1.0 0.014 / 
 0 0 1 -41 1.0 42 -1 / 
