 !=================== 
 ! control section 
 !=================== 
 1 1 
 6 100 1 0 1 
 64 64 64 1 0.014 0.014 0.10 
 45 0 0 1 
 100 
 0.2142 
 -1.956943332791912e-06 
 0.004687288657639797 0.001915521046353058 0.0 1.0 1.0 0.0 0.0 
 0.004687288657639797 0.001915521046353058 0.0 1.0 1.0 0.0 0.0 
 0.0059858115345631825 0.009784716663959562 0.0 1.0 1.0 0.0 0.0 
 0.2142 99489000.0 511001.0 -1.0 2856000000.0 0.0 
 0 1 1 1 
 !=================== 
 ! lattice lines 
 !=================== 
 0 0 0 -22 0.014 1.0 1.0 1.0 0.01 0.0 1.0 0.0 / 
